[header]
width=100
height=100
tilewidth=32
tileheight=32

[tilesets]
tileset=tileset.png,32,32,0,0

[layer]
type=Camada de Tiles 1
data=
237,237,237,237,237,237,237,237,237,237,237,237,237,237,237,237,237,237,237,237,237,237,237,237,237,237,237,237,237,237,237,237,237,237,237,237,237,237,237,237,237,237,237,237,237,237,237,237,237,237,237,237,237,237,237,237,237,237,237,237,237,237,237,237,237,237,237,237,237,237,237,237,237,237,237,237,237,237,237,237,237,237,237,237,237,237,237,237,237,237,237,237,237,237,237,237,237,237,237,237,
237,237,237,237,237,237,237,237,237,237,237,237,237,237,237,237,237,237,237,237,237,237,237,237,237,237,237,237,237,237,237,237,237,237,237,237,237,237,237,237,237,237,237,237,237,237,237,237,237,237,237,237,237,237,237,237,237,237,237,237,237,237,237,237,237,237,237,237,237,237,237,237,237,237,237,237,237,237,237,237,237,237,237,237,237,237,237,237,237,237,237,237,237,237,237,237,237,237,237,237,
237,237,237,237,237,237,237,237,237,237,237,237,237,237,237,237,237,237,237,237,237,237,237,237,237,237,237,237,237,237,237,237,237,237,237,237,237,237,237,237,237,237,237,237,237,237,237,237,237,237,237,237,237,237,237,237,237,237,237,237,237,237,237,237,237,237,237,237,237,237,237,237,237,237,237,237,237,237,237,237,237,237,237,237,237,237,237,237,237,237,237,237,237,237,237,237,237,237,237,237,
237,237,237,237,237,237,237,237,237,237,237,237,237,237,237,237,237,237,237,237,237,237,237,237,237,237,237,237,237,237,237,237,237,237,237,237,237,237,237,237,237,237,237,237,237,237,237,237,237,237,237,237,237,237,237,237,237,237,237,237,237,237,237,237,237,237,237,237,237,237,237,237,237,237,237,237,237,237,237,237,237,237,237,237,237,237,237,237,237,237,237,237,237,237,237,237,237,237,237,237,
237,237,237,237,237,237,237,237,237,237,237,237,237,237,237,237,237,237,237,237,237,237,237,237,237,237,237,237,237,237,237,237,237,237,237,237,237,237,237,237,237,237,237,237,237,237,237,237,237,237,237,237,237,237,237,237,237,237,237,237,237,237,237,237,237,237,237,237,237,237,237,237,237,237,237,237,237,237,237,237,237,237,237,237,237,237,237,237,237,237,237,237,237,237,237,237,237,237,237,237,
237,237,237,237,237,237,237,237,237,237,237,237,237,237,237,237,237,237,237,237,237,237,237,237,237,237,237,237,237,237,237,237,237,237,237,237,237,237,237,237,237,237,237,237,237,237,237,237,237,237,237,237,237,237,237,237,237,237,237,237,237,237,237,237,237,237,237,237,237,237,237,237,237,237,237,237,237,237,237,237,237,237,237,237,237,237,237,237,237,237,237,237,237,237,237,237,237,237,237,237,
237,237,237,237,237,237,237,237,237,237,237,237,237,237,237,237,237,237,237,237,237,237,237,237,237,237,237,237,237,237,237,237,237,237,237,237,237,237,237,237,237,237,237,237,237,237,237,237,237,237,237,237,237,237,237,237,237,237,237,237,237,237,237,237,237,237,237,237,237,237,237,237,237,237,237,237,237,237,237,237,237,237,237,237,237,237,237,237,237,237,237,237,237,237,237,237,237,237,237,237,
237,237,237,237,237,237,237,237,237,237,237,237,237,237,237,237,237,237,237,237,237,237,237,237,237,237,237,237,237,237,237,237,237,237,237,237,237,237,237,237,237,237,237,237,237,237,237,237,237,237,237,237,237,237,237,237,237,237,237,237,237,237,237,237,237,237,237,237,237,237,237,237,237,237,237,237,237,237,237,237,237,237,237,237,237,237,237,237,237,237,237,237,237,237,237,237,237,237,237,237,
237,237,237,237,237,237,237,237,237,237,237,237,237,237,237,237,237,237,237,237,237,237,237,237,237,237,237,237,237,237,237,237,237,237,237,237,237,237,237,237,237,237,237,237,237,237,237,237,237,237,237,237,237,237,237,237,237,237,237,237,237,237,237,237,237,237,237,237,237,237,237,237,237,237,237,237,237,237,237,237,237,237,237,237,237,237,237,237,237,237,237,237,237,237,237,237,237,237,237,237,
237,237,237,237,237,237,237,237,237,237,237,237,237,237,237,237,237,237,237,237,237,237,237,237,237,237,237,237,237,237,237,237,237,237,237,237,237,237,237,237,237,237,237,237,237,237,237,237,237,237,237,237,237,237,237,237,237,237,237,237,237,237,237,237,237,237,237,237,237,237,237,237,237,237,237,237,237,237,237,237,237,237,237,237,237,237,237,237,237,237,237,237,237,237,237,237,237,237,237,237,
237,237,237,237,237,237,237,237,237,237,237,237,237,237,237,237,237,237,237,237,237,237,237,237,237,237,237,237,237,237,237,237,237,237,237,237,237,237,237,237,237,237,237,237,237,237,237,237,237,237,237,237,237,237,237,237,237,237,237,237,237,237,237,237,237,237,237,237,237,237,237,237,237,237,237,237,237,237,237,237,237,237,237,237,237,237,237,237,237,237,237,237,237,237,237,237,237,237,237,237,
237,237,237,237,237,237,237,237,237,237,237,237,237,237,237,237,237,237,237,237,237,237,237,237,237,237,237,237,237,237,237,237,237,237,237,237,237,237,237,237,237,237,237,237,237,237,237,237,237,237,237,237,237,237,237,237,237,237,237,237,237,237,237,237,237,237,237,237,237,237,237,237,237,237,237,237,237,237,237,237,237,237,237,237,237,237,237,237,237,237,237,237,237,237,237,237,237,237,237,237,
237,237,237,237,237,237,237,237,237,237,237,237,237,237,237,237,237,237,237,237,237,237,237,237,237,237,237,237,237,237,237,237,237,237,237,237,237,237,237,237,237,237,237,237,237,237,237,237,237,237,237,237,237,237,237,237,237,237,237,237,237,237,237,237,237,237,237,237,237,237,237,237,237,237,237,237,237,237,237,237,237,237,237,237,237,237,237,237,237,237,237,237,237,237,237,237,237,237,237,237,
237,237,237,237,237,237,237,237,237,237,237,237,237,237,237,237,237,237,237,237,237,237,237,237,237,237,237,237,237,237,237,237,237,237,237,237,237,237,237,237,237,237,237,237,237,237,237,237,237,237,237,237,237,237,237,237,237,237,237,237,237,237,237,237,237,237,237,237,237,237,237,237,237,237,237,237,237,237,237,237,237,237,237,237,237,237,237,237,237,237,237,237,237,237,237,237,237,237,237,237,
237,237,237,237,237,237,237,237,237,237,237,237,237,237,237,237,237,237,237,237,237,237,237,237,237,237,237,237,237,237,237,237,237,237,237,237,237,237,237,237,237,237,237,237,237,237,237,237,237,237,237,237,237,237,237,237,237,237,237,237,237,237,237,237,237,237,237,237,237,237,237,237,237,237,237,237,237,237,237,237,237,237,237,237,237,237,237,237,237,237,237,237,237,237,237,237,237,237,237,237,
237,237,237,237,237,237,237,237,237,237,237,237,237,237,237,237,237,237,237,237,237,237,237,237,237,237,237,237,237,237,237,237,237,237,237,237,237,237,237,237,237,237,237,237,237,237,237,237,237,237,237,237,237,237,237,237,237,237,237,237,237,237,237,237,237,237,237,237,237,237,237,237,237,237,237,237,237,237,237,237,237,237,237,237,237,237,237,237,237,237,237,237,237,237,237,237,237,237,237,237,
237,237,237,237,237,237,237,237,237,237,237,237,237,237,237,237,237,237,237,237,237,237,237,237,237,237,237,237,237,237,237,237,237,237,237,237,237,237,237,237,237,237,237,237,237,237,237,237,237,237,237,237,237,237,237,237,237,237,237,237,237,237,237,237,237,237,237,237,237,237,237,237,237,237,237,237,237,237,237,237,237,237,237,237,237,237,237,237,237,237,237,237,237,237,237,237,237,237,237,237,
237,237,237,237,237,237,237,237,237,237,237,237,237,237,237,237,237,237,237,237,237,237,237,237,237,237,237,237,237,237,237,237,237,237,237,237,237,237,237,237,237,237,237,237,237,237,237,237,237,237,237,237,237,237,237,237,237,237,237,237,237,237,237,237,237,237,237,237,237,237,237,237,237,237,237,237,237,237,237,237,237,237,237,237,237,237,237,237,237,237,237,237,237,237,237,237,237,237,237,237,
237,237,237,237,237,237,237,237,237,237,237,237,237,237,237,237,237,237,237,237,237,237,237,237,237,237,237,237,237,237,237,237,237,237,237,237,237,237,237,237,237,237,237,237,237,237,237,237,237,237,237,237,237,237,237,237,237,237,237,237,237,237,237,237,237,237,237,237,237,237,237,237,237,237,237,237,237,237,237,237,237,237,237,237,237,237,237,237,237,237,237,237,237,237,237,237,237,237,237,237,
237,237,237,237,237,237,237,237,237,237,237,237,237,237,237,237,237,237,237,237,237,237,237,237,237,237,237,237,237,237,237,237,237,237,237,237,237,237,237,237,237,237,237,237,237,237,237,237,237,237,237,237,237,237,237,237,237,237,237,237,237,237,237,237,237,237,237,237,237,237,237,237,237,237,237,237,237,237,237,237,237,237,237,237,237,237,237,237,237,237,237,237,237,237,237,237,237,237,237,237,
237,237,237,237,237,237,237,237,237,237,237,237,237,237,237,237,237,237,237,237,237,237,237,237,237,237,237,237,237,237,237,237,237,237,237,237,237,237,237,237,237,237,237,237,237,237,237,237,237,237,237,237,237,237,237,237,237,237,237,237,237,237,237,237,237,237,237,237,237,237,237,237,237,237,237,237,237,237,237,237,237,237,237,237,237,237,237,237,237,237,237,237,237,237,237,237,237,237,237,237,
237,237,237,237,237,237,237,237,237,237,237,237,237,237,237,237,237,237,237,237,237,237,237,237,237,237,237,237,237,237,237,237,237,237,237,237,237,237,237,237,237,237,237,237,237,237,237,237,237,237,237,237,237,237,237,237,237,237,237,237,237,237,237,237,237,237,237,237,237,237,237,237,237,237,237,237,237,237,237,237,237,237,237,237,237,237,237,237,237,237,237,237,237,237,237,237,237,237,237,237,
237,237,237,237,237,237,237,237,237,237,237,237,237,237,237,237,237,237,237,237,237,237,237,237,237,237,237,237,237,237,237,237,237,237,237,237,237,237,237,237,237,237,237,237,237,237,237,237,237,237,237,237,237,237,237,237,237,237,237,237,237,237,237,237,237,237,237,237,237,237,237,237,237,237,237,237,237,237,237,237,237,237,237,237,237,237,237,237,237,237,237,237,237,237,237,237,237,237,237,237,
237,237,237,237,237,237,237,237,237,237,237,237,237,237,237,237,237,237,237,237,237,237,237,237,237,237,237,237,237,237,237,237,237,237,237,237,237,237,237,237,237,237,237,237,237,237,237,237,237,237,237,237,237,237,237,237,237,237,237,237,237,237,237,237,237,237,237,237,237,237,237,237,237,237,237,237,237,237,237,237,237,237,237,237,237,237,237,237,237,237,237,237,237,237,237,237,237,237,237,237,
237,237,237,237,237,237,237,237,237,237,237,237,237,237,237,237,237,237,237,237,237,237,237,237,237,237,237,237,237,237,237,237,237,237,237,237,237,237,237,237,237,237,237,237,237,237,237,237,237,237,237,237,237,237,237,237,237,237,237,237,237,237,237,237,237,237,237,237,237,237,237,237,237,237,237,237,237,237,237,237,237,237,237,237,237,237,237,237,237,237,237,237,237,237,237,237,237,237,237,237,
237,237,237,237,237,237,237,237,237,237,237,237,237,237,237,237,237,237,237,237,237,237,237,237,237,237,237,237,237,237,237,237,237,237,237,237,237,237,237,237,237,237,237,237,237,237,237,237,237,237,237,237,237,237,237,237,237,237,237,237,237,237,237,237,237,237,237,237,237,237,237,237,237,237,237,237,237,237,237,237,237,237,237,237,237,237,237,237,237,237,237,237,237,237,237,237,237,237,237,237,
237,237,237,237,237,237,237,237,237,237,237,237,237,237,237,237,237,237,237,237,237,237,237,237,237,237,237,237,237,237,237,237,237,237,237,237,237,237,237,237,237,237,237,237,237,237,237,237,237,237,237,237,237,237,237,237,237,237,237,237,237,237,237,237,237,237,237,237,237,237,237,237,237,237,237,237,237,237,237,237,237,237,237,237,237,237,237,237,237,237,237,237,237,237,237,237,237,237,237,237,
237,237,237,237,237,237,237,237,237,237,237,237,237,237,237,237,237,237,237,237,237,237,237,237,237,237,237,237,237,237,237,237,237,237,237,237,237,237,237,237,237,237,237,237,237,237,237,237,237,237,237,237,237,237,237,237,237,237,237,237,237,237,237,237,237,237,237,237,237,237,237,237,237,237,237,237,237,237,237,237,237,237,237,237,237,237,237,237,237,237,237,237,237,237,237,237,237,237,237,237,
237,237,237,237,237,237,237,237,237,237,237,237,237,237,237,237,237,237,237,237,237,237,237,237,237,237,237,237,237,237,237,237,237,237,237,237,237,237,237,237,237,237,237,237,237,237,237,237,237,237,237,237,237,237,237,237,237,237,237,237,237,237,237,237,237,237,237,237,237,237,237,237,237,237,237,237,237,237,237,237,237,237,237,237,237,237,237,237,237,237,237,237,237,237,237,237,237,237,237,237,
237,237,237,237,237,237,237,237,237,237,237,237,237,237,237,237,237,237,237,237,237,237,237,237,237,237,237,237,237,237,237,237,237,237,237,237,237,237,237,237,237,237,237,237,237,237,237,237,237,237,237,237,237,237,237,237,237,237,237,237,237,237,237,237,237,237,237,237,237,237,237,237,237,237,237,237,237,237,237,237,237,237,237,237,237,237,237,237,237,237,237,237,237,237,237,237,237,237,237,237,
237,237,237,237,237,237,237,237,237,237,237,237,237,237,237,237,237,237,237,237,237,237,237,237,237,237,237,237,237,237,237,237,237,237,237,237,237,237,237,237,237,237,237,237,237,237,237,237,237,237,237,237,237,237,237,237,237,237,237,237,237,237,237,237,237,237,237,237,237,237,237,237,237,237,237,237,237,237,237,237,237,237,237,237,237,237,237,237,237,237,237,237,237,237,237,237,237,237,237,237,
237,237,237,237,237,237,237,237,237,237,237,237,237,237,237,237,237,237,237,237,237,237,237,237,237,237,237,237,237,237,237,237,237,237,237,237,237,237,237,237,237,237,237,237,237,237,237,237,237,237,237,237,237,237,237,237,237,237,237,237,237,237,237,237,237,237,237,237,237,237,237,237,237,237,237,237,237,237,237,237,237,237,237,237,237,237,237,237,237,237,237,237,237,237,237,237,237,237,237,237,
237,237,237,237,237,237,237,237,237,237,237,237,237,237,237,237,237,237,237,237,237,237,237,237,237,237,237,237,237,237,237,237,237,237,237,237,237,237,237,237,237,237,237,237,237,237,237,237,237,237,237,237,237,237,237,237,237,237,237,237,237,237,237,237,237,237,237,237,237,237,237,237,237,237,237,237,237,237,237,237,237,237,237,237,237,237,237,237,237,237,237,237,237,237,237,237,237,237,237,237,
237,237,237,237,237,237,237,237,237,237,237,237,237,237,237,237,237,237,237,237,237,237,237,237,237,237,237,237,237,237,237,237,237,237,237,237,237,237,237,237,237,237,237,237,237,237,237,237,237,237,237,237,237,237,237,237,237,237,237,237,237,237,237,237,237,237,237,237,237,237,237,237,237,237,237,237,237,237,237,237,237,237,237,237,237,237,237,237,237,237,237,237,237,237,237,237,237,237,237,237,
237,237,237,237,237,237,237,237,237,237,237,237,237,237,237,237,237,237,237,237,237,237,237,237,237,237,237,237,237,237,237,237,237,237,237,237,237,237,237,237,237,237,237,237,237,237,237,237,237,237,237,237,237,237,237,237,237,237,237,237,237,237,237,237,237,237,237,237,237,237,237,237,237,237,237,237,237,237,237,237,237,237,237,237,237,237,237,237,237,237,237,237,237,237,237,237,237,237,237,237,
237,237,237,237,237,237,237,237,237,237,237,237,237,237,237,237,237,237,237,237,237,237,237,237,237,237,237,237,237,237,237,237,237,237,237,237,237,237,237,237,237,237,237,237,237,237,237,237,237,237,237,237,237,237,237,237,237,237,237,237,237,237,237,237,237,237,237,237,237,237,237,237,237,237,237,237,237,237,237,237,237,237,237,237,237,237,237,237,237,237,237,237,237,237,237,237,237,237,237,237,
237,237,237,237,237,237,237,237,237,237,237,237,237,237,237,237,237,237,237,237,237,237,237,237,237,237,237,237,237,237,237,237,237,237,237,237,237,237,237,237,237,237,237,237,237,237,237,237,237,237,237,237,237,237,237,237,237,237,237,237,237,237,237,237,237,237,237,237,237,237,237,237,237,237,237,237,237,237,237,237,237,237,237,237,237,237,237,237,237,237,237,237,237,237,237,237,237,237,237,237,
237,237,237,237,237,237,237,237,237,237,237,237,237,237,237,237,237,237,237,237,237,237,237,237,237,237,237,237,237,237,237,237,237,237,237,237,237,237,237,237,237,237,237,237,237,237,237,237,237,237,237,237,237,237,237,237,237,237,237,237,237,237,237,237,237,237,237,237,237,237,237,237,237,237,237,237,237,237,237,237,237,237,237,237,237,237,237,237,237,237,237,237,237,237,237,237,237,237,237,237,
237,237,237,237,237,237,237,237,237,237,237,237,237,237,237,237,237,237,237,237,237,237,237,237,237,237,237,237,237,237,237,237,237,237,237,237,237,237,237,237,237,237,237,237,237,237,237,237,237,237,237,237,237,237,237,237,237,237,237,237,237,237,237,237,237,237,237,237,237,237,237,237,237,237,237,237,237,237,237,237,237,237,237,237,237,237,237,237,237,237,237,237,237,237,237,237,237,237,237,237,
237,237,237,237,237,237,237,237,237,237,237,237,237,237,237,237,237,237,237,237,237,237,237,237,237,237,237,237,237,237,237,237,237,237,237,237,237,237,237,237,237,237,237,237,237,237,237,237,237,237,237,237,237,237,237,237,237,237,237,237,237,237,237,237,237,237,237,237,237,237,237,237,237,237,237,237,237,237,237,237,237,237,237,237,237,237,237,237,237,237,237,237,237,237,237,237,237,237,237,237,
237,237,237,237,237,237,237,237,237,237,237,237,237,237,237,237,237,237,237,237,237,237,237,237,237,237,237,237,237,237,237,237,237,237,237,237,237,237,237,237,237,237,237,237,237,237,237,237,237,237,237,237,237,237,237,237,237,237,237,237,237,237,237,237,237,237,237,237,237,237,237,237,237,237,237,237,237,237,237,237,237,237,237,237,237,237,237,237,237,237,237,237,237,237,237,237,237,237,237,237,
237,237,237,237,237,237,237,237,237,237,237,237,237,237,237,237,237,237,237,237,237,237,237,237,237,237,237,237,237,237,237,237,237,237,237,237,237,237,237,237,237,237,237,237,237,237,237,237,237,237,237,237,237,237,237,237,237,237,237,237,237,237,237,237,237,237,237,237,237,237,237,237,237,237,237,237,237,237,237,237,237,237,237,237,237,237,237,237,237,237,237,237,237,237,237,237,237,237,237,237,
237,237,237,237,237,237,237,237,237,237,237,237,237,237,237,237,237,237,237,237,237,237,237,237,237,237,237,237,237,237,237,237,237,237,237,237,237,237,237,237,237,237,237,237,237,237,237,237,237,237,237,237,237,237,237,237,237,237,237,237,237,237,237,237,237,237,237,237,237,237,237,237,237,237,237,237,237,237,237,237,237,237,237,237,237,237,237,237,237,237,237,237,237,237,237,237,237,237,237,237,
237,237,237,237,237,237,237,237,237,237,237,237,237,237,237,237,237,237,237,237,237,237,237,237,237,237,237,237,237,237,237,237,237,237,237,237,237,237,237,237,237,237,237,237,237,237,237,237,237,237,237,237,237,237,237,237,237,237,237,237,237,237,237,237,237,237,237,237,237,237,237,237,237,237,237,237,237,237,237,237,237,237,237,237,237,237,237,237,237,237,237,237,237,237,237,237,237,237,237,237,
237,237,237,237,237,237,237,237,237,237,237,237,237,237,237,237,237,237,237,237,237,237,237,237,237,237,237,237,237,237,237,237,237,237,237,237,237,237,237,237,237,237,237,237,237,237,237,237,237,237,237,237,237,237,237,237,237,237,237,237,237,237,237,237,237,237,237,237,237,237,237,237,237,237,237,237,237,237,237,237,237,237,237,237,237,237,237,237,237,237,237,237,237,237,237,237,237,237,237,237,
237,237,237,237,237,237,237,237,237,237,237,237,237,237,237,237,237,237,237,237,237,237,237,237,237,237,237,237,237,237,237,237,237,237,237,237,237,237,237,237,237,237,237,237,237,237,237,237,237,237,237,237,237,237,237,237,237,237,237,237,237,237,237,237,237,237,237,237,237,237,237,237,237,237,237,237,237,237,237,237,237,237,237,237,237,237,237,237,237,237,237,237,237,237,237,237,237,237,237,237,
237,237,237,237,237,237,237,237,237,237,237,237,237,237,237,237,237,237,237,237,237,237,237,237,237,237,237,237,237,237,237,237,237,237,237,237,237,237,237,237,237,237,237,237,237,237,237,237,237,237,237,237,237,237,237,237,237,237,237,237,237,237,237,237,237,237,237,237,237,237,237,237,237,237,237,237,237,237,237,237,237,237,237,237,237,237,237,237,237,237,237,237,237,237,237,237,237,237,237,237,
237,237,237,237,237,237,237,237,237,237,237,237,237,237,237,237,237,237,237,237,237,237,237,237,237,237,237,237,237,237,237,237,237,237,237,237,237,237,237,237,237,237,237,237,237,237,237,237,237,237,237,237,237,237,237,237,237,237,237,237,237,237,237,237,237,237,237,237,237,237,237,237,237,237,237,237,237,237,237,237,237,237,237,237,237,237,237,237,237,237,237,237,237,237,237,237,237,237,237,237,
237,237,237,237,237,237,237,237,237,237,237,237,237,237,237,237,237,237,237,237,237,237,237,237,237,237,237,237,237,237,237,237,237,237,237,237,237,237,237,237,237,237,237,237,237,237,237,237,237,237,237,237,237,237,237,237,237,237,237,237,237,237,237,237,237,237,237,237,237,237,237,237,237,237,237,237,237,237,237,237,237,237,237,237,237,237,237,237,237,237,237,237,237,237,237,237,237,237,237,237,
237,237,237,237,237,237,237,237,237,237,237,237,237,237,237,237,237,237,237,237,237,237,237,237,237,237,237,237,237,237,237,237,237,237,237,237,237,237,237,237,237,237,237,237,237,237,237,237,237,237,237,237,237,237,237,237,237,237,237,237,237,237,237,237,237,237,237,237,237,237,237,237,237,237,237,237,237,237,237,237,237,237,237,237,237,237,237,237,237,237,237,237,237,237,237,237,237,237,237,237,
237,237,237,237,237,237,237,237,237,237,237,237,237,237,237,237,237,237,237,237,237,237,237,237,237,237,237,237,237,237,237,237,237,237,237,237,237,237,237,237,237,237,237,237,237,237,237,237,237,237,237,237,237,237,237,237,237,237,237,237,237,237,237,237,237,237,237,237,237,237,237,237,237,237,237,237,237,237,237,237,237,237,237,237,237,237,237,237,237,237,237,237,237,237,237,237,237,237,237,237,
237,237,237,237,237,237,237,237,237,237,237,237,237,237,237,237,237,237,237,237,237,237,237,237,237,237,237,237,237,237,237,237,237,237,237,237,237,237,237,237,237,237,237,237,237,237,237,237,237,237,237,237,237,237,237,237,237,237,237,237,237,237,237,237,237,237,237,237,237,237,237,237,237,237,237,237,237,237,237,237,237,237,237,237,237,237,237,237,237,237,237,237,237,237,237,237,237,237,237,237,
237,237,237,237,237,237,237,237,237,237,237,237,237,237,237,237,237,237,237,237,237,237,237,237,237,237,237,237,237,237,237,237,237,237,237,237,237,237,237,237,237,237,237,237,237,237,237,237,237,237,237,237,237,237,237,237,237,237,237,237,237,237,237,237,237,237,237,237,237,237,237,237,237,237,237,237,237,237,237,237,237,237,237,237,237,237,237,237,237,237,237,237,237,237,237,237,237,237,237,237,
237,237,237,237,237,237,237,237,237,237,237,237,237,237,237,237,237,237,237,237,237,237,237,237,237,237,237,237,237,237,237,237,237,237,237,237,237,237,237,237,237,237,237,237,237,237,237,237,237,237,237,237,237,237,237,237,237,237,237,237,237,237,237,237,237,237,237,237,237,237,237,237,237,237,237,237,237,237,237,237,237,237,237,237,237,237,237,237,237,237,237,237,237,237,237,237,237,237,237,237,
237,237,237,237,237,237,237,237,237,237,237,237,237,237,237,237,237,237,237,237,237,237,237,237,237,237,237,237,237,237,237,237,237,237,237,237,237,237,237,237,237,237,237,237,237,237,237,237,237,237,237,237,237,237,237,237,237,237,237,237,237,237,237,237,237,237,237,237,237,237,237,237,237,237,237,237,237,237,237,237,237,237,237,237,237,237,237,237,237,237,237,237,237,237,237,237,237,237,237,237,
237,237,237,237,237,237,237,237,237,237,237,237,237,237,237,237,237,237,237,237,237,237,237,237,237,237,237,237,237,237,237,237,237,237,237,237,237,237,237,237,237,237,237,237,237,237,237,237,237,237,237,237,237,237,237,237,237,237,237,237,237,237,237,237,237,237,237,237,237,237,237,237,237,237,237,237,237,237,237,237,237,237,237,237,237,237,237,237,237,237,237,237,237,237,237,237,237,237,237,237,
237,237,237,237,237,237,237,237,237,237,237,237,237,237,237,237,237,237,237,237,237,237,237,237,237,237,237,237,237,237,237,237,237,237,237,237,237,237,237,237,237,237,237,237,237,237,237,237,237,237,237,237,237,237,237,237,237,237,237,237,237,237,237,237,237,237,237,237,237,237,237,237,237,237,237,237,237,237,237,237,237,237,237,237,237,237,237,237,237,237,237,237,237,237,237,237,237,237,237,237,
237,237,237,237,237,237,237,237,237,237,237,237,237,237,237,237,237,237,237,237,237,237,237,237,237,237,237,237,237,237,237,237,237,237,237,237,237,237,237,237,237,237,237,237,237,237,237,237,237,237,237,237,237,237,237,237,237,237,237,237,237,237,237,237,237,237,237,237,237,237,237,237,237,237,237,237,237,237,237,237,237,237,237,237,237,237,237,237,237,237,237,237,237,237,237,237,237,237,237,237,
237,237,237,237,237,237,237,237,237,237,237,237,237,237,237,237,237,237,237,237,237,237,237,237,237,237,237,237,237,237,237,237,237,237,237,237,237,237,237,237,237,237,237,237,237,237,237,237,237,237,237,237,237,237,237,237,237,237,237,237,237,237,237,237,237,237,237,237,237,237,237,237,237,237,237,237,237,237,237,237,237,237,237,237,237,237,237,237,237,237,237,237,237,237,237,237,237,237,237,237,
237,237,237,237,237,237,237,237,237,237,237,237,237,237,237,237,237,237,237,237,237,237,237,237,237,237,237,237,237,237,237,237,237,237,237,237,237,237,237,237,237,237,237,237,237,237,237,237,237,237,237,237,237,237,237,237,237,237,237,237,237,237,237,237,237,237,237,237,237,237,237,237,237,237,237,237,237,237,237,237,237,237,237,237,237,237,237,237,237,237,237,237,237,237,237,237,237,237,237,237,
237,237,237,237,237,237,237,237,237,237,237,237,237,237,237,237,237,237,237,237,237,237,237,237,237,237,237,237,237,237,237,237,237,237,237,237,237,237,237,237,237,237,237,237,237,237,237,237,237,237,237,237,237,237,237,237,237,237,237,237,237,237,237,237,237,237,237,237,237,237,237,237,237,237,237,237,237,237,237,237,237,237,237,237,237,237,237,237,237,237,237,237,237,237,237,237,237,237,237,237,
237,237,237,237,237,237,237,237,237,237,237,237,237,237,237,237,237,237,237,237,237,237,237,237,237,237,237,237,237,237,237,237,237,237,237,237,237,237,237,237,237,237,237,237,237,237,237,237,237,237,237,237,237,237,237,237,237,237,237,237,237,237,237,237,237,237,237,237,237,237,237,237,237,237,237,237,237,237,237,237,237,237,237,237,237,237,237,237,237,237,237,237,237,237,237,237,237,237,237,237,
237,237,237,237,237,237,237,237,237,237,237,237,237,237,237,237,237,237,237,237,237,237,237,237,237,237,237,237,237,237,237,237,237,237,237,237,237,237,237,237,237,237,237,237,237,237,237,237,237,237,237,237,237,237,237,237,237,237,237,237,237,237,237,237,237,237,237,237,237,237,237,237,237,237,237,237,237,237,237,237,237,237,237,237,237,237,237,237,237,237,237,237,237,237,237,237,237,237,237,237,
237,237,237,237,237,237,237,237,237,237,237,237,237,237,237,237,237,237,237,237,237,237,237,237,237,237,237,237,237,237,237,237,237,237,237,237,237,237,237,237,237,237,237,237,237,237,237,237,237,237,237,237,237,237,237,237,237,237,237,237,237,237,237,237,237,237,237,237,237,237,237,237,237,237,237,237,237,237,237,237,237,237,237,237,237,237,237,237,237,237,237,237,237,237,237,237,237,237,237,237,
237,237,237,237,237,237,237,237,237,237,237,237,237,237,237,237,237,237,237,237,237,237,237,237,237,237,237,237,237,237,237,237,237,237,237,237,237,237,237,237,237,237,237,237,237,237,237,237,237,237,237,237,237,237,237,237,237,237,237,237,237,237,237,237,237,237,237,237,237,237,237,237,237,237,237,237,237,237,237,237,237,237,237,237,237,237,237,237,237,237,237,237,237,237,237,237,237,237,237,237,
237,237,237,237,237,237,237,237,237,237,237,237,237,237,237,237,237,237,237,237,237,237,237,237,237,237,237,237,237,237,237,237,237,237,237,237,237,237,237,237,237,237,237,237,237,237,237,237,237,237,237,237,237,237,237,237,237,237,237,237,237,237,237,237,237,237,237,237,237,237,237,237,237,237,237,237,237,237,237,237,237,237,237,237,237,237,237,237,237,237,237,237,237,237,237,237,237,237,237,237,
237,237,237,237,237,237,237,237,237,237,237,237,237,237,237,237,237,237,237,237,237,237,237,237,237,237,237,237,237,237,237,237,237,237,237,237,237,237,237,237,237,237,237,237,237,237,237,237,237,237,237,237,237,237,237,237,237,237,237,237,237,237,237,237,237,237,237,237,237,237,237,237,237,237,237,237,237,237,237,237,237,237,237,237,237,237,237,237,237,237,237,237,237,237,237,237,237,237,237,237,
237,237,237,237,237,237,237,237,237,237,237,237,237,237,237,237,237,237,237,237,237,237,237,237,237,237,237,237,237,237,237,237,237,237,237,237,237,237,237,237,237,237,237,237,237,237,237,237,237,237,237,237,237,237,237,237,237,237,237,237,237,237,237,237,237,237,237,237,237,237,237,237,237,237,237,237,237,237,237,237,237,237,237,237,237,237,237,237,237,237,237,237,237,237,237,237,237,237,237,237,
237,237,237,237,237,237,237,237,237,237,237,237,237,237,237,237,237,237,237,237,237,237,237,237,237,237,237,237,237,237,237,237,237,237,237,237,237,237,237,237,237,237,237,237,237,237,237,237,237,237,237,237,237,237,237,237,237,237,237,237,237,237,237,237,237,237,237,237,237,237,237,237,237,237,237,237,237,237,237,237,237,237,237,237,237,237,237,237,237,237,237,237,237,237,237,237,237,237,237,237,
237,237,237,237,237,237,237,237,237,237,237,237,237,237,237,237,237,237,237,237,237,237,237,237,237,237,237,237,237,237,237,237,237,237,237,237,237,237,237,237,237,237,237,237,237,237,237,237,237,237,237,237,237,237,237,237,237,237,237,237,237,237,237,237,237,237,237,237,237,237,237,237,237,237,237,237,237,237,237,237,237,237,237,237,237,237,237,237,237,237,237,237,237,237,237,237,237,237,237,237,
237,237,237,237,237,237,237,237,237,237,237,237,237,237,237,237,237,237,237,237,237,237,237,237,237,237,237,237,237,237,237,237,237,237,237,237,237,237,237,237,237,237,237,237,237,237,237,237,237,237,237,237,237,237,237,237,237,237,237,237,237,237,237,237,237,237,237,237,237,237,237,237,237,237,237,237,237,237,237,237,237,237,237,237,237,237,237,237,237,237,237,237,237,237,237,237,237,237,237,237,
237,237,237,237,237,237,237,237,237,237,237,237,237,237,237,237,237,237,237,237,237,237,237,237,237,237,237,237,237,237,237,237,237,237,237,237,237,237,237,237,237,237,237,237,237,237,237,237,237,237,237,237,237,237,237,237,237,237,237,237,237,237,237,237,237,237,237,237,237,237,237,237,237,237,237,237,237,237,237,237,237,237,237,237,237,237,237,237,237,237,237,237,237,237,237,237,237,237,237,237,
237,237,237,237,237,237,237,237,237,237,237,237,237,237,237,237,237,237,237,237,237,237,237,237,237,237,237,237,237,237,237,237,237,237,237,237,237,237,237,237,237,237,237,237,237,237,237,237,237,237,237,237,237,237,237,237,237,237,237,237,237,237,237,237,237,237,237,237,237,237,237,237,237,237,237,237,237,237,237,237,237,237,237,237,237,237,237,237,237,237,237,237,237,237,237,237,237,237,237,237,
237,237,237,237,237,237,237,237,237,237,237,237,237,237,237,237,237,237,237,237,237,237,237,237,237,237,237,237,237,237,237,237,237,237,237,237,237,237,237,237,237,237,237,237,237,237,237,237,237,237,237,237,237,237,237,237,237,237,237,237,237,237,237,237,237,237,237,237,237,237,237,237,237,237,237,237,237,237,237,237,237,237,237,237,237,237,237,237,237,237,237,237,237,237,237,237,237,237,237,237,
237,237,237,237,237,237,237,237,237,237,237,237,237,237,237,237,237,237,237,237,237,237,237,237,237,237,237,237,237,237,237,237,237,237,237,237,237,237,237,237,237,237,237,237,237,237,237,237,237,237,237,237,237,237,237,237,237,237,237,237,237,237,237,237,237,237,237,237,237,237,237,237,237,237,237,237,237,237,237,237,237,237,237,237,237,237,237,237,237,237,237,237,237,237,237,237,237,237,237,237,
237,237,237,237,237,237,237,237,237,237,237,237,237,237,237,237,237,237,237,237,237,237,237,237,237,237,237,237,237,237,237,237,237,237,237,237,237,237,237,237,237,237,237,237,237,237,237,237,237,237,237,237,237,237,237,237,237,237,237,237,237,237,237,237,237,237,237,237,237,237,237,237,237,237,237,237,237,237,237,237,237,237,237,237,237,237,237,237,237,237,237,237,237,237,237,237,237,237,237,237,
237,237,237,237,237,237,237,237,237,237,237,237,237,237,237,237,237,237,237,237,237,237,237,237,237,237,237,237,237,237,237,237,237,237,237,237,237,237,237,237,237,237,237,237,237,237,237,237,237,237,237,237,237,237,237,237,237,237,237,237,237,237,237,237,237,237,237,237,237,237,237,237,237,237,237,237,237,237,237,237,237,237,237,237,237,237,237,237,237,237,237,237,237,237,237,237,237,237,237,237,
237,237,237,237,237,237,237,237,237,237,237,237,237,237,237,237,237,237,237,237,237,237,237,237,237,237,237,237,237,237,237,237,237,237,237,237,237,237,237,237,237,237,237,237,237,237,237,237,237,237,237,237,237,237,237,237,237,237,237,237,237,237,237,237,237,237,237,237,237,237,237,237,237,237,237,237,237,237,237,237,237,237,237,237,237,237,237,237,237,237,237,237,237,237,237,237,237,237,237,237,
237,237,237,237,237,237,237,237,237,237,237,237,237,237,237,237,237,237,237,237,237,237,237,237,237,237,237,237,237,237,237,237,237,237,237,237,237,237,237,237,237,237,237,237,237,237,237,237,237,237,237,237,237,237,237,237,237,237,237,237,237,237,237,237,237,237,237,237,237,237,237,237,237,237,237,237,237,237,237,237,237,237,237,237,237,237,237,237,237,237,237,237,237,237,237,237,237,237,237,237,
237,237,237,237,237,237,237,237,237,237,237,237,237,237,237,237,237,237,237,237,237,237,237,237,237,237,237,237,237,237,237,237,237,237,237,237,237,237,237,237,237,237,237,237,237,237,237,237,237,237,237,237,237,237,237,237,237,237,237,237,237,237,237,237,237,237,237,237,237,237,237,237,237,237,237,237,237,237,237,237,237,237,237,237,237,237,237,237,237,237,237,237,237,237,237,237,237,237,237,237,
237,237,237,237,237,237,237,237,237,237,237,237,237,237,237,237,237,237,237,237,237,237,237,237,237,237,237,237,237,237,237,237,237,237,237,237,237,237,237,237,237,237,237,237,237,237,237,237,237,237,237,237,237,237,237,237,237,237,237,237,237,237,237,237,237,237,237,237,237,237,237,237,237,237,237,237,237,237,237,237,237,237,237,237,237,237,237,237,237,237,237,237,237,237,237,237,237,237,237,237,
237,237,237,237,237,237,237,237,237,237,237,237,237,237,237,237,237,237,237,237,237,237,237,237,237,237,237,237,237,237,237,237,237,237,237,237,237,237,237,237,237,237,237,237,237,237,237,237,237,237,237,237,237,237,237,237,237,237,237,237,237,237,237,237,237,237,237,237,237,237,237,237,237,237,237,237,237,237,237,237,237,237,237,237,237,237,237,237,237,237,237,237,237,237,237,237,237,237,237,237,
237,237,237,237,237,237,237,237,237,237,237,237,237,237,237,237,237,237,237,237,237,237,237,237,237,237,237,237,237,237,237,237,237,237,237,237,237,237,237,237,237,237,237,237,237,237,237,237,237,237,237,237,237,237,237,237,237,237,237,237,237,237,237,237,237,237,237,237,237,237,237,237,237,237,237,237,237,237,237,237,237,237,237,237,237,237,237,237,237,237,237,237,237,237,237,237,237,237,237,237,
237,237,237,237,237,237,237,237,237,237,237,237,237,237,237,237,237,237,237,237,237,237,237,237,237,237,237,237,237,237,237,237,237,237,237,237,237,237,237,237,237,237,237,237,237,237,237,237,237,237,237,237,237,237,237,237,237,237,237,237,237,237,237,237,237,237,237,237,237,237,237,237,237,237,237,237,237,237,237,237,237,237,237,237,237,237,237,237,237,237,237,237,237,237,237,237,237,237,237,237,
237,237,237,237,237,237,237,237,237,237,237,237,237,237,237,237,237,237,237,237,237,237,237,237,237,237,237,237,237,237,237,237,237,237,237,237,237,237,237,237,237,237,237,237,237,237,237,237,237,237,237,237,237,237,237,237,237,237,237,237,237,237,237,237,237,237,237,237,237,237,237,237,237,237,237,237,237,237,237,237,237,237,237,237,237,237,237,237,237,237,237,237,237,237,237,237,237,237,237,237,
237,237,237,237,237,237,237,237,237,237,237,237,237,237,237,237,237,237,237,237,237,237,237,237,237,237,237,237,237,237,237,237,237,237,237,237,237,237,237,237,237,237,237,237,237,237,237,237,237,237,237,237,237,237,237,237,237,237,237,237,237,237,237,237,237,237,237,237,237,237,237,237,237,237,237,237,237,237,237,237,237,237,237,237,237,237,237,237,237,237,237,237,237,237,237,237,237,237,237,237,
237,237,237,237,237,237,237,237,237,237,237,237,237,237,237,237,237,237,237,237,237,237,237,237,237,237,237,237,237,237,237,237,237,237,237,237,237,237,237,237,237,237,237,237,237,237,237,237,237,237,237,237,237,237,237,237,237,237,237,237,237,237,237,237,237,237,237,237,237,237,237,237,237,237,237,237,237,237,237,237,237,237,237,237,237,237,237,237,237,237,237,237,237,237,237,237,237,237,237,237,
237,237,237,237,237,237,237,237,237,237,237,237,237,237,237,237,237,237,237,237,237,237,237,237,237,237,237,237,237,237,237,237,237,237,237,237,237,237,237,237,237,237,237,237,237,237,237,237,237,237,237,237,237,237,237,237,237,237,237,237,237,237,237,237,237,237,237,237,237,237,237,237,237,237,237,237,237,237,237,237,237,237,237,237,237,237,237,237,237,237,237,237,237,237,237,237,237,237,237,237,
237,237,237,237,237,237,237,237,237,237,237,237,237,237,237,237,237,237,237,237,237,237,237,237,237,237,237,237,237,237,237,237,237,237,237,237,237,237,237,237,237,237,237,237,237,237,237,237,237,237,237,237,237,237,237,237,237,237,237,237,237,237,237,237,237,237,237,237,237,237,237,237,237,237,237,237,237,237,237,237,237,237,237,237,237,237,237,237,237,237,237,237,237,237,237,237,237,237,237,237,
237,237,237,237,237,237,237,237,237,237,237,237,237,237,237,237,237,237,237,237,237,237,237,237,237,237,237,237,237,237,237,237,237,237,237,237,237,237,237,237,237,237,237,237,237,237,237,237,237,237,237,237,237,237,237,237,237,237,237,237,237,237,237,237,237,237,237,237,237,237,237,237,237,237,237,237,237,237,237,237,237,237,237,237,237,237,237,237,237,237,237,237,237,237,237,237,237,237,237,237,
237,237,237,237,237,237,237,237,237,237,237,237,237,237,237,237,237,237,237,237,237,237,237,237,237,237,237,237,237,237,237,237,237,237,237,237,237,237,237,237,237,237,237,237,237,237,237,237,237,237,237,237,237,237,237,237,237,237,237,237,237,237,237,237,237,237,237,237,237,237,237,237,237,237,237,237,237,237,237,237,237,237,237,237,237,237,237,237,237,237,237,237,237,237,237,237,237,237,237,237,
237,237,237,237,237,237,237,237,237,237,237,237,237,237,237,237,237,237,237,237,237,237,237,237,237,237,237,237,237,237,237,237,237,237,237,237,237,237,237,237,237,237,237,237,237,237,237,237,237,237,237,237,237,237,237,237,237,237,237,237,237,237,237,237,237,237,237,237,237,237,237,237,237,237,237,237,237,237,237,237,237,237,237,237,237,237,237,237,237,237,237,237,237,237,237,237,237,237,237,237,
237,237,237,237,237,237,237,237,237,237,237,237,237,237,237,237,237,237,237,237,237,237,237,237,237,237,237,237,237,237,237,237,237,237,237,237,237,237,237,237,237,237,237,237,237,237,237,237,237,237,237,237,237,237,237,237,237,237,237,237,237,237,237,237,237,237,237,237,237,237,237,237,237,237,237,237,237,237,237,237,237,237,237,237,237,237,237,237,237,237,237,237,237,237,237,237,237,237,237,237,
237,237,237,237,237,237,237,237,237,237,237,237,237,237,237,237,237,237,237,237,237,237,237,237,237,237,237,237,237,237,237,237,237,237,237,237,237,237,237,237,237,237,237,237,237,237,237,237,237,237,237,237,237,237,237,237,237,237,237,237,237,237,237,237,237,237,237,237,237,237,237,237,237,237,237,237,237,237,237,237,237,237,237,237,237,237,237,237,237,237,237,237,237,237,237,237,237,237,237,237,
237,237,237,237,237,237,237,237,237,237,237,237,237,237,237,237,237,237,237,237,237,237,237,237,237,237,237,237,237,237,237,237,237,237,237,237,237,237,237,237,237,237,237,237,237,237,237,237,237,237,237,237,237,237,237,237,237,237,237,237,237,237,237,237,237,237,237,237,237,237,237,237,237,237,237,237,237,237,237,237,237,237,237,237,237,237,237,237,237,237,237,237,237,237,237,237,237,237,237,237,
237,237,237,237,237,237,237,237,237,237,237,237,237,237,237,237,237,237,237,237,237,237,237,237,237,237,237,237,237,237,237,237,237,237,237,237,237,237,237,237,237,237,237,237,237,237,237,237,237,237,237,237,237,237,237,237,237,237,237,237,237,237,237,237,237,237,237,237,237,237,237,237,237,237,237,237,237,237,237,237,237,237,237,237,237,237,237,237,237,237,237,237,237,237,237,237,237,237,237,237,
237,237,237,237,237,237,237,237,237,237,237,237,237,237,237,237,237,237,237,237,237,237,237,237,237,237,237,237,237,237,237,237,237,237,237,237,237,237,237,237,237,237,237,237,237,237,237,237,237,237,237,237,237,237,237,237,237,237,237,237,237,237,237,237,237,237,237,237,237,237,237,237,237,237,237,237,237,237,237,237,237,237,237,237,237,237,237,237,237,237,237,237,237,237,237,237,237,237,237,237,
237,237,237,237,237,237,237,237,237,237,237,237,237,237,237,237,237,237,237,237,237,237,237,237,237,237,237,237,237,237,237,237,237,237,237,237,237,237,237,237,237,237,237,237,237,237,237,237,237,237,237,237,237,237,237,237,237,237,237,237,237,237,237,237,237,237,237,237,237,237,237,237,237,237,237,237,237,237,237,237,237,237,237,237,237,237,237,237,237,237,237,237,237,237,237,237,237,237,237,237,
237,237,237,237,237,237,237,237,237,237,237,237,237,237,237,237,237,237,237,237,237,237,237,237,237,237,237,237,237,237,237,237,237,237,237,237,237,237,237,237,237,237,237,237,237,237,237,237,237,237,237,237,237,237,237,237,237,237,237,237,237,237,237,237,237,237,237,237,237,237,237,237,237,237,237,237,237,237,237,237,237,237,237,237,237,237,237,237,237,237,237,237,237,237,237,237,237,237,237,237,
237,237,237,237,237,237,237,237,237,237,237,237,237,237,237,237,237,237,237,237,237,237,237,237,237,237,237,237,237,237,237,237,237,237,237,237,237,237,237,237,237,237,237,237,237,237,237,237,237,237,237,237,237,237,237,237,237,237,237,237,237,237,237,237,237,237,237,237,237,237,237,237,237,237,237,237,237,237,237,237,237,237,237,237,237,237,237,237,237,237,237,237,237,237,237,237,237,237,237,237

[layer]
type=Camada de Tiles 3
data=
0,0,0,0,0,0,0,0,0,0,0,0,0,0,0,0,0,0,0,0,0,0,0,0,0,0,0,0,0,0,0,0,0,0,0,0,0,0,0,0,0,0,0,0,0,0,0,0,0,0,0,0,0,0,0,0,0,0,0,0,0,0,0,0,0,0,0,0,0,0,0,0,0,0,0,0,0,0,0,0,0,0,0,0,0,0,0,0,0,0,0,0,0,0,0,0,0,0,0,0,
0,0,0,0,0,0,0,0,0,0,0,0,0,0,0,0,0,0,0,0,0,0,0,0,0,0,0,0,0,0,0,0,0,0,0,0,0,0,0,0,0,0,0,0,0,0,0,0,0,0,0,0,0,0,0,0,0,0,0,0,0,0,0,0,0,0,0,0,0,0,0,0,0,0,0,0,0,0,0,0,0,0,0,0,0,0,0,0,0,0,0,0,0,0,0,0,0,0,0,0,
0,0,0,0,0,0,0,0,0,0,0,0,0,0,0,0,0,0,0,0,0,0,0,0,0,0,0,0,0,0,0,0,0,0,0,0,0,0,0,0,0,0,0,0,0,0,0,0,0,0,0,0,0,0,0,0,0,0,0,0,0,0,0,0,0,0,0,0,0,0,0,0,0,0,0,0,0,0,0,0,0,0,0,0,0,0,0,0,0,0,0,0,0,0,0,0,0,0,0,0,
0,0,0,0,0,0,0,0,0,0,0,0,0,0,0,0,0,0,0,0,0,0,0,0,0,0,0,0,0,0,0,0,0,0,0,0,0,0,0,0,0,0,0,0,0,0,0,0,0,0,0,0,0,0,0,0,0,0,0,0,0,0,0,0,0,0,0,0,0,0,0,0,0,0,0,0,0,0,0,0,0,0,0,0,0,0,0,0,0,0,0,0,0,0,0,0,0,0,0,0,
0,0,0,0,0,0,0,0,0,0,0,0,0,0,0,0,0,0,0,0,0,0,0,0,0,0,0,0,0,0,0,0,0,0,0,0,0,0,0,0,0,0,0,0,0,0,0,0,0,0,0,0,0,0,0,0,0,0,0,0,0,0,0,0,0,0,0,0,0,0,0,0,0,0,0,0,0,0,0,0,0,0,0,0,0,0,0,0,0,0,0,0,0,0,0,0,0,0,0,0,
0,0,0,0,0,0,0,0,0,0,0,0,0,0,0,0,0,0,0,0,0,0,0,0,0,0,0,0,0,0,0,0,0,0,0,0,0,0,0,0,0,0,0,0,0,0,0,0,0,0,0,0,0,0,0,0,0,0,0,0,0,0,0,0,0,0,0,0,0,0,0,0,0,0,0,0,0,0,0,0,0,0,0,0,0,0,0,0,0,0,0,0,0,0,0,0,0,0,0,0,
0,0,0,0,0,0,0,0,0,0,0,0,0,0,0,0,0,0,0,0,0,0,0,0,0,0,0,0,0,0,0,0,0,0,0,0,0,0,0,0,0,0,0,0,0,0,0,0,0,0,0,0,0,0,0,0,0,0,0,0,0,0,0,0,0,0,0,0,0,0,0,0,0,0,0,0,0,0,0,0,0,0,0,0,0,0,0,0,0,0,0,0,0,0,0,0,0,0,0,0,
0,0,0,0,0,0,0,0,0,0,0,0,0,0,0,0,0,0,0,0,0,0,0,0,0,0,0,0,0,0,0,0,0,0,0,0,0,0,0,0,0,0,0,0,0,0,0,0,0,0,0,0,0,0,0,0,0,0,0,0,0,0,0,0,0,0,0,0,0,0,0,0,0,0,0,0,0,0,0,0,0,0,0,0,0,0,53,53,0,0,0,0,0,0,53,53,0,0,0,0,
0,0,0,0,0,0,0,0,0,0,0,0,0,0,0,0,0,0,0,0,0,0,0,0,0,0,0,0,0,0,0,0,0,0,0,0,0,0,0,0,0,0,0,0,0,0,0,0,0,0,0,0,0,0,0,0,0,0,0,0,0,0,0,0,0,0,0,0,0,0,0,0,0,0,0,0,0,0,0,0,0,0,0,0,0,0,53,53,0,0,0,0,0,0,53,53,0,0,0,0,
0,0,0,0,0,0,0,0,0,0,0,0,0,0,0,0,0,0,0,0,0,0,0,0,0,0,0,0,0,0,0,0,0,0,0,0,0,0,0,0,0,0,0,0,0,0,0,0,0,0,0,0,0,0,0,0,0,0,0,0,0,0,0,165,0,0,0,0,165,0,0,0,0,0,165,0,0,0,0,0,165,0,0,0,0,0,0,0,0,0,0,0,0,0,0,0,0,0,0,0,
0,0,0,0,0,0,0,0,0,0,0,0,0,0,0,0,0,0,0,0,0,0,0,0,0,0,0,0,0,0,0,0,0,0,0,0,0,0,0,0,0,0,0,0,0,0,0,0,0,0,0,0,0,0,0,0,0,0,0,0,0,0,0,181,0,0,0,0,181,0,0,0,0,0,181,0,0,0,0,0,181,0,0,0,0,0,0,0,0,0,0,0,0,0,0,0,0,0,0,0,
0,0,0,0,0,0,0,0,0,0,0,0,0,0,0,0,0,0,0,0,0,0,0,0,0,0,0,0,0,0,0,0,0,0,0,0,0,0,0,0,0,0,0,0,0,0,0,0,0,0,0,0,0,0,0,0,0,0,0,0,0,0,0,0,0,0,0,0,0,0,0,0,0,0,0,0,0,0,0,0,0,0,0,0,0,0,0,0,0,0,0,0,0,0,0,0,0,0,0,0,
0,0,0,0,0,0,0,0,0,0,0,0,0,0,0,0,0,0,0,0,0,0,0,0,0,0,0,0,0,0,0,0,0,0,0,0,0,0,0,0,0,0,0,0,0,0,0,0,0,0,0,0,0,0,0,0,0,0,0,0,0,0,0,0,0,165,0,0,0,0,0,165,0,0,0,0,0,165,0,0,0,0,0,0,0,0,0,0,0,0,0,0,0,0,0,0,0,0,0,0,
0,0,0,0,0,0,0,0,0,0,0,0,0,0,0,0,0,0,0,0,0,0,0,0,0,0,0,0,0,0,0,0,0,0,0,0,0,0,0,0,0,0,0,0,0,0,0,0,0,0,0,0,0,0,0,0,0,0,0,0,0,0,0,0,0,181,0,0,0,0,0,181,0,0,0,0,0,181,0,0,0,0,0,0,0,0,0,0,0,0,0,0,0,0,0,0,0,0,0,0,
0,0,0,0,0,0,0,0,0,0,0,0,0,0,0,0,0,0,0,0,0,0,0,0,0,0,0,0,0,0,0,0,0,0,0,0,0,0,0,0,0,0,0,0,0,0,0,0,0,0,0,0,0,0,0,0,0,0,0,0,0,0,0,0,0,0,0,0,0,0,0,0,0,0,0,0,0,0,0,0,0,0,0,0,0,0,0,0,0,0,0,0,0,0,0,0,0,0,0,0,
0,0,0,0,0,0,0,0,0,0,0,0,0,0,0,0,0,0,0,0,0,0,0,0,0,0,0,0,0,0,0,0,0,0,0,0,0,0,0,0,0,0,0,0,0,0,0,0,0,0,0,0,0,0,0,0,0,0,0,0,0,0,0,0,0,0,0,0,0,0,0,0,0,0,0,0,0,0,0,0,0,0,0,0,0,0,0,0,0,0,0,0,0,0,0,0,0,0,0,0,
0,0,0,0,0,0,0,0,0,0,0,0,0,0,0,0,0,0,0,0,0,0,0,0,0,0,0,0,0,0,0,0,0,0,0,0,0,0,0,0,0,0,0,0,0,0,0,0,0,0,0,0,0,0,0,0,0,0,0,0,0,0,0,0,0,0,0,0,0,0,0,0,0,0,0,0,0,0,0,0,0,0,0,0,0,0,0,0,0,0,0,0,0,0,0,0,0,0,0,0,
0,0,0,0,0,0,0,0,0,0,0,0,0,0,0,0,0,0,0,0,0,0,0,0,0,0,0,0,0,0,0,0,0,0,0,0,0,0,0,0,0,0,0,0,0,0,0,0,0,0,0,0,0,0,0,0,0,0,0,0,0,0,0,0,0,0,0,0,0,0,0,0,0,0,0,0,0,0,0,0,0,0,0,0,0,0,0,0,0,0,0,0,0,0,0,0,0,0,0,0,
0,0,0,0,0,0,0,0,0,0,0,0,0,0,0,0,0,0,0,0,0,0,0,0,0,0,0,0,0,0,0,0,0,0,0,0,0,0,0,0,0,0,0,0,0,0,0,0,0,0,0,0,0,0,0,0,0,0,0,0,0,0,0,0,0,0,0,0,0,0,0,0,0,0,0,0,0,0,0,0,0,0,0,0,0,0,53,53,0,0,0,53,53,0,0,0,53,53,0,0,
0,0,0,0,0,0,0,0,0,0,0,0,0,0,0,0,0,0,0,0,0,0,0,0,0,0,0,0,0,0,0,0,0,0,0,0,0,0,0,0,0,0,0,0,0,0,0,0,0,0,0,0,0,0,0,0,0,0,0,0,0,0,0,0,0,0,0,0,0,0,0,0,0,0,0,0,0,0,0,0,0,0,0,0,0,0,53,53,0,0,0,53,53,0,0,0,53,53,0,0,
0,0,0,0,0,0,0,0,0,0,0,0,0,0,0,0,0,0,0,0,0,0,0,0,0,0,0,0,0,0,0,0,0,0,0,0,0,0,0,0,0,0,0,0,0,0,0,0,0,0,0,0,0,0,0,0,0,0,0,0,0,0,0,0,0,0,0,0,0,0,0,0,0,0,0,0,0,0,0,0,0,0,0,0,0,0,0,0,0,0,0,0,0,0,0,0,0,0,0,0,
0,0,0,0,0,0,0,0,0,0,0,0,0,0,0,0,0,0,0,0,0,0,0,0,0,0,0,0,0,0,0,0,0,0,0,0,0,0,0,0,0,0,0,0,0,0,0,0,0,0,0,0,0,0,0,0,0,0,0,0,0,0,0,0,0,0,0,0,0,0,0,0,0,0,0,0,0,0,0,0,0,0,0,0,0,0,0,0,0,0,0,0,0,0,0,0,0,0,0,0,
0,0,0,0,0,0,0,0,0,0,0,0,0,0,0,0,0,0,0,0,0,0,0,0,0,0,0,0,0,0,0,0,0,0,0,0,0,0,0,0,0,0,0,0,0,0,0,0,0,0,0,0,0,0,0,0,0,0,0,0,0,0,0,0,0,0,0,0,0,0,0,0,0,0,0,0,0,0,0,0,0,0,0,0,0,0,0,0,0,0,0,0,0,0,0,0,0,0,0,0,
0,0,0,0,0,0,0,0,0,0,0,0,0,0,0,0,0,0,0,0,0,0,0,0,0,0,0,0,0,0,0,0,0,0,0,0,0,0,0,0,0,0,0,0,0,0,0,0,0,0,0,0,0,0,0,0,0,0,0,0,0,0,0,0,0,0,0,0,0,0,0,0,0,0,0,0,0,0,0,0,0,0,0,0,0,0,0,0,0,0,0,0,0,0,0,0,0,0,0,0,
0,0,0,0,0,0,0,0,0,0,0,0,0,0,0,0,0,0,0,0,0,0,0,0,0,0,0,0,0,0,0,0,0,0,0,0,0,0,0,0,0,0,0,0,0,0,0,0,0,0,0,0,0,0,0,0,0,0,0,0,0,0,0,0,0,0,0,0,0,0,0,0,0,0,0,0,0,0,0,0,0,0,0,0,0,0,0,0,0,0,0,0,0,0,0,0,0,0,0,0,
0,0,0,0,0,0,0,0,0,0,0,0,0,0,0,0,0,0,0,0,0,0,0,0,0,0,0,0,0,0,0,0,0,0,0,0,0,0,0,0,0,0,0,0,0,0,0,0,0,0,0,0,0,0,0,0,0,0,0,0,0,0,0,0,0,0,0,0,0,0,0,0,0,0,0,0,0,0,0,0,0,0,0,0,0,0,0,0,0,0,0,0,0,0,0,0,0,0,0,0,
0,0,0,0,0,0,0,0,0,0,0,0,0,0,0,0,0,0,0,0,0,0,0,0,0,0,0,0,0,0,0,0,0,0,0,0,0,0,0,0,0,0,0,0,0,0,0,0,0,0,0,0,0,0,0,0,0,0,0,0,0,0,0,0,0,0,0,0,0,0,0,0,0,0,0,0,0,0,0,0,53,53,0,0,0,0,0,0,0,0,0,0,0,0,0,53,53,0,0,0,
0,0,0,0,0,0,0,0,0,0,0,0,0,0,0,0,0,0,0,0,0,0,0,0,0,0,0,0,0,0,0,0,0,0,0,0,0,0,0,0,0,0,0,0,0,0,0,0,0,0,0,0,0,0,0,0,0,0,0,0,0,0,0,0,0,0,0,0,0,0,0,0,0,0,0,0,0,0,0,0,53,53,0,0,0,0,0,0,0,0,0,0,0,0,0,53,53,0,0,0,
0,0,0,0,0,0,0,0,0,0,0,0,0,0,0,0,0,0,0,0,0,0,0,0,0,0,0,0,0,0,0,0,0,0,0,0,0,0,0,0,0,0,0,0,0,0,0,0,0,0,0,0,0,0,0,0,0,0,0,0,0,0,0,0,0,0,0,0,0,0,0,0,0,0,0,0,0,0,0,0,0,0,0,0,0,0,0,0,0,0,0,0,0,0,0,0,0,0,0,0,
0,0,0,0,0,0,0,0,0,0,0,0,0,0,0,0,0,0,0,0,0,0,0,0,0,0,0,0,0,0,0,0,0,0,0,0,0,0,0,0,0,0,0,0,0,0,0,0,0,0,0,0,0,0,0,0,0,0,0,0,0,0,0,0,0,0,0,0,0,0,0,0,0,0,0,0,0,0,0,0,0,0,0,0,0,0,0,0,53,53,0,0,0,0,0,0,0,0,0,0,
0,0,0,0,0,0,0,0,0,0,0,0,0,0,0,0,0,0,0,0,0,0,0,0,0,0,0,0,0,0,0,0,0,0,0,0,0,0,0,0,0,0,0,0,0,0,0,0,0,0,0,0,0,0,0,0,0,0,0,0,0,0,0,0,0,0,0,0,0,0,0,0,0,0,0,0,0,0,0,0,0,0,0,0,0,0,0,0,53,53,0,0,0,0,0,0,0,0,0,0,
0,0,0,0,0,0,0,0,0,0,0,0,0,0,0,0,0,0,0,0,0,0,0,0,0,0,0,0,0,0,0,0,0,0,0,0,0,0,0,0,0,0,0,0,0,0,0,0,0,0,0,0,0,0,0,0,0,0,0,0,0,0,0,0,0,0,0,0,0,0,0,0,0,0,0,0,0,0,0,0,0,0,0,0,0,0,0,0,0,0,0,0,0,0,0,0,0,0,0,0,
0,0,0,0,0,0,0,0,0,0,0,0,0,0,0,0,0,0,0,0,0,0,0,0,0,0,0,0,0,0,0,0,0,0,0,0,0,0,0,0,0,0,0,0,0,0,0,0,0,0,0,0,0,0,0,0,0,0,0,0,0,0,0,0,0,0,0,0,0,0,0,0,0,0,0,0,0,0,0,0,0,0,0,0,0,0,0,0,0,0,0,0,0,0,0,0,0,0,0,0,
0,0,0,0,0,0,0,0,0,0,0,0,0,0,0,0,0,0,0,0,0,0,0,0,0,0,0,0,0,0,0,0,0,0,0,0,0,0,0,0,0,0,0,0,0,0,0,0,0,0,0,0,0,0,0,0,0,0,0,0,0,0,0,0,0,0,0,0,0,0,0,0,0,0,0,0,0,0,0,0,0,0,0,0,0,0,0,0,0,0,0,0,0,0,0,0,0,0,0,0,
0,0,0,0,0,0,0,0,0,0,0,0,0,0,0,0,0,0,0,0,0,0,0,0,0,0,0,0,0,0,0,0,0,0,0,0,0,0,0,0,0,0,0,0,0,0,0,0,0,0,0,0,0,0,0,0,0,0,0,0,0,0,0,0,0,0,0,0,0,0,0,0,0,0,0,0,0,0,0,0,0,0,0,0,0,0,0,0,0,0,0,0,0,0,0,0,0,0,0,0,
0,0,0,0,0,0,0,0,0,0,0,0,0,0,0,0,0,0,0,0,0,0,0,0,0,0,0,0,0,0,0,0,0,0,0,0,0,0,0,0,0,0,0,0,0,0,0,0,0,0,0,0,0,0,0,0,0,0,0,0,0,0,0,0,0,0,0,0,0,0,0,0,0,0,0,0,0,0,0,0,0,0,0,0,0,0,0,0,0,0,0,0,0,0,0,0,0,0,0,0,
0,0,0,0,0,0,0,0,0,0,0,0,0,0,0,0,0,0,0,0,0,0,0,0,0,0,0,0,0,0,0,0,0,0,0,0,0,0,0,0,0,0,0,0,0,0,0,0,0,0,0,0,0,0,0,0,0,0,0,0,0,0,0,0,0,0,0,0,0,0,0,0,0,0,0,0,0,0,0,0,0,0,0,0,0,0,0,0,0,0,0,0,0,0,0,0,0,0,0,0,
0,0,0,0,0,0,0,0,0,0,0,0,0,0,0,0,0,0,0,0,0,0,0,0,0,0,0,0,0,0,0,0,0,0,0,0,0,0,0,0,0,0,0,0,0,0,0,0,0,0,0,0,0,0,0,0,0,0,0,0,0,0,0,0,0,0,0,0,0,0,0,0,0,0,0,0,0,0,0,0,0,0,0,0,0,0,0,0,0,0,0,0,0,0,0,0,0,0,0,0,
0,0,0,0,0,0,0,0,0,0,0,0,0,0,0,0,0,0,0,0,0,0,0,0,0,0,0,0,0,0,0,0,0,0,0,0,0,0,0,0,0,0,0,0,0,0,0,0,0,0,0,0,0,0,0,0,0,0,0,0,0,0,0,0,0,0,0,0,0,0,0,0,0,0,0,0,0,0,0,0,0,0,0,0,0,0,0,0,0,0,0,0,0,0,0,0,0,0,0,0,
0,0,0,0,0,0,0,0,0,0,0,0,0,0,0,0,0,0,0,0,0,0,0,0,0,0,0,0,0,0,0,0,0,0,0,0,0,0,0,0,0,0,0,0,0,0,0,0,0,0,0,0,0,0,0,0,0,0,0,0,0,0,0,0,0,0,0,0,0,0,0,0,0,0,0,0,0,0,0,0,0,0,0,0,0,0,0,0,0,0,0,0,0,0,0,0,0,0,0,0,
0,0,0,0,0,0,0,0,0,0,0,0,0,0,0,0,0,0,0,0,0,0,0,0,0,0,0,0,0,0,0,0,0,0,0,0,0,0,0,0,0,0,0,0,0,0,0,0,0,0,0,0,0,0,0,0,0,0,0,0,0,0,0,0,0,0,0,0,0,0,0,0,0,0,0,0,0,0,0,0,0,0,0,0,0,0,0,0,0,0,0,0,0,0,0,0,0,0,0,0,
0,0,0,0,0,0,0,0,0,0,0,0,0,0,0,0,0,0,0,0,0,0,0,0,0,0,0,0,0,0,0,0,0,0,0,0,0,0,0,0,0,0,0,0,0,0,0,0,0,0,0,0,0,0,0,0,0,0,0,0,0,0,0,0,0,0,0,0,0,0,0,0,0,0,0,0,0,0,0,0,0,0,0,0,0,0,0,0,0,0,0,0,0,0,0,0,0,0,0,0,
0,0,0,0,0,0,0,0,0,0,0,0,0,0,0,0,0,0,0,0,0,0,0,0,0,0,0,0,0,0,0,0,0,0,0,0,0,0,0,0,0,0,0,0,0,0,0,0,0,0,0,0,0,0,0,0,0,0,0,0,0,0,0,0,0,0,0,0,0,0,0,0,0,0,0,0,0,0,0,0,0,0,0,0,0,0,0,0,0,0,0,0,0,0,0,0,0,0,0,0,
0,0,0,0,0,0,0,0,0,0,0,0,0,0,0,0,0,0,0,0,0,0,0,0,0,0,0,0,0,0,0,0,0,0,0,0,0,0,0,0,0,0,0,0,0,0,0,0,0,0,0,0,0,0,0,0,0,0,0,0,0,0,0,0,0,0,0,0,0,0,0,0,0,0,0,0,0,0,0,0,0,0,0,0,0,0,0,0,0,0,0,0,0,0,0,0,0,0,0,0,
0,0,0,0,0,0,0,0,0,0,0,0,0,0,0,0,0,0,0,0,0,0,0,0,0,0,0,0,0,0,0,0,0,0,0,0,0,0,0,0,0,0,0,0,0,0,0,0,0,0,0,0,0,0,0,0,0,0,0,0,0,0,0,0,0,0,0,0,0,0,0,0,0,0,0,0,0,0,0,0,0,0,0,0,0,0,0,0,0,0,0,0,0,0,0,0,0,0,0,0,
0,0,0,0,0,0,0,0,0,0,0,0,0,0,0,0,0,0,0,0,0,0,0,0,0,0,0,0,0,0,0,0,0,0,0,0,0,0,0,0,0,0,0,0,0,0,0,0,0,0,0,0,0,0,0,0,0,0,0,0,0,0,0,0,0,0,0,0,0,0,0,0,0,0,0,0,0,0,0,0,0,0,0,0,0,0,0,0,0,0,0,0,0,0,0,0,0,0,0,0,
0,0,0,0,0,0,0,0,0,0,0,0,0,0,0,0,0,0,0,0,0,0,0,0,0,0,0,0,0,0,0,0,0,0,0,0,0,0,0,0,0,0,0,0,0,0,0,0,0,0,0,0,0,0,0,0,0,0,0,0,0,0,0,0,0,0,188,189,188,189,0,188,189,0,0,0,0,0,0,0,0,0,0,0,0,0,0,0,0,0,0,0,0,0,0,0,0,0,0,0,
0,0,0,0,0,0,0,0,0,0,0,0,0,0,0,0,0,0,0,0,0,0,0,0,0,0,0,0,0,0,0,0,0,0,0,0,0,0,0,0,0,0,0,0,0,0,0,0,0,0,0,0,0,0,0,0,0,0,0,0,0,0,0,0,0,0,204,205,204,205,0,204,205,0,0,0,0,0,0,0,0,0,0,0,0,0,0,0,0,0,0,0,0,0,0,0,0,0,0,0,
0,0,0,0,0,0,0,0,0,0,0,0,0,0,0,0,0,0,0,0,0,0,0,0,0,0,0,0,0,0,0,0,0,0,0,0,0,0,0,0,0,0,0,0,0,0,0,0,0,0,0,0,0,0,0,0,0,0,0,0,0,0,0,0,0,0,0,0,0,0,0,0,0,0,0,0,0,0,0,0,0,0,0,0,0,0,0,0,0,0,0,0,0,0,0,0,0,0,0,0,
0,0,0,0,0,0,0,0,0,0,0,0,0,0,0,0,0,0,0,0,0,0,0,0,0,0,0,0,0,0,0,0,0,0,0,0,0,0,0,0,0,0,0,0,0,0,0,0,0,0,0,0,0,0,0,0,0,0,0,0,0,0,0,0,0,0,0,0,0,0,0,0,0,0,188,189,0,0,0,0,0,0,0,0,0,0,0,0,0,0,0,0,0,0,0,0,0,0,0,0,
0,0,0,0,0,0,0,0,0,0,0,0,0,0,0,0,0,0,0,0,0,0,0,0,0,0,0,0,0,0,0,0,0,0,0,0,0,0,0,0,0,0,0,0,0,0,0,0,0,0,0,0,0,0,0,0,0,0,0,0,0,0,0,0,0,0,0,0,0,0,0,188,189,0,204,205,0,0,0,0,0,0,0,0,0,0,0,0,0,0,0,0,0,0,0,0,0,0,0,0,
0,0,0,0,0,0,0,0,0,0,0,0,0,0,0,0,0,0,0,0,0,0,0,0,0,0,0,0,0,0,0,0,0,0,0,0,0,0,0,0,0,0,0,0,0,0,0,0,0,0,0,0,0,0,0,0,0,0,0,0,0,0,0,0,0,0,0,0,0,0,0,204,205,0,0,0,0,0,0,0,0,0,0,0,0,0,0,0,0,0,0,71,72,71,72,0,0,0,0,0,
0,0,0,0,0,0,0,0,0,0,0,0,0,0,0,0,0,0,0,0,0,0,0,0,0,0,0,0,0,0,0,0,0,0,0,0,0,0,0,0,0,0,0,0,0,0,0,0,0,0,0,0,0,0,0,0,0,0,0,0,0,0,0,0,0,0,0,0,0,0,0,0,0,0,0,0,0,0,0,0,0,0,0,0,0,0,0,0,0,0,71,103,104,103,104,72,0,0,0,0,
0,0,0,0,0,0,0,0,0,0,0,0,0,0,0,0,0,0,0,0,0,0,0,0,0,0,0,0,0,0,0,0,0,0,0,0,0,0,0,0,0,0,0,0,0,0,0,0,0,0,0,0,0,0,0,0,0,0,0,0,0,0,188,189,0,0,0,187,189,0,0,0,0,0,0,0,0,0,0,0,0,0,0,0,0,71,72,71,72,71,103,119,120,119,120,88,0,0,0,0,
0,0,0,0,0,0,0,0,0,0,0,0,0,0,0,0,0,0,0,0,0,0,0,0,0,0,0,0,0,0,0,0,0,0,0,0,0,0,0,0,0,0,0,0,0,0,0,0,0,0,0,0,0,0,0,0,0,0,0,0,0,0,204,205,0,0,0,204,205,0,0,0,0,0,0,0,0,0,0,0,0,0,0,0,71,103,104,103,104,103,104,103,104,103,104,72,0,0,0,0,
0,0,0,0,0,0,0,0,0,0,0,0,0,0,0,0,0,0,0,0,0,0,0,0,0,0,0,0,0,0,0,0,0,0,0,0,0,0,0,0,0,0,0,0,0,0,0,0,0,0,0,0,0,0,0,0,0,0,0,0,0,0,0,0,0,0,0,0,0,0,0,0,0,0,0,0,187,189,0,0,0,0,0,0,87,119,120,119,120,119,120,119,120,119,120,88,0,0,0,0,
0,0,0,0,0,0,0,0,0,0,0,0,0,0,0,0,0,0,0,0,0,0,0,0,0,0,0,0,0,0,0,0,0,0,0,0,0,0,0,0,0,0,0,0,0,0,0,0,0,0,0,0,0,0,0,0,0,0,0,0,0,0,0,0,0,210,0,0,0,0,0,0,0,0,0,0,204,205,0,0,0,0,0,0,71,103,104,103,104,103,104,103,104,103,104,72,0,0,0,0,
0,0,0,0,0,0,0,0,0,0,0,0,0,0,0,0,0,0,0,0,0,0,0,0,0,0,0,0,0,0,0,0,0,0,0,0,0,0,0,0,0,0,0,0,0,0,0,0,0,0,0,0,0,0,0,0,0,0,0,0,0,0,0,0,0,226,0,0,0,0,0,0,0,0,0,0,0,0,0,0,0,0,0,0,87,119,120,119,120,119,120,119,120,119,120,88,0,0,0,0,
0,0,0,0,0,0,0,0,0,0,0,0,0,0,0,0,0,0,0,0,0,0,0,0,0,0,0,0,0,0,0,0,0,0,0,0,0,0,0,0,0,0,0,0,0,0,0,0,0,0,0,0,0,0,0,0,0,0,0,0,0,0,0,0,0,0,0,0,0,0,0,188,189,0,0,0,0,0,0,0,0,0,0,0,71,103,104,103,103,104,104,103,104,103,104,72,0,0,0,0,
0,0,0,0,0,0,0,0,0,0,0,0,0,0,0,0,0,0,0,0,0,0,0,0,0,0,0,0,0,0,0,0,0,0,0,0,0,0,0,0,0,0,0,0,0,0,0,0,0,0,0,0,0,0,0,0,0,0,0,0,0,0,0,0,0,0,0,0,0,0,0,204,205,0,0,0,0,0,0,0,0,0,0,0,87,119,120,119,119,120,120,119,120,119,120,88,0,0,0,0,
0,0,0,0,0,0,0,0,0,0,0,0,0,0,0,0,0,0,0,0,0,0,0,0,0,0,0,0,0,0,0,0,0,0,0,0,0,0,0,0,0,0,0,0,0,0,0,0,0,0,0,0,0,0,0,0,0,0,0,0,0,0,0,0,0,0,0,0,0,0,0,0,0,0,0,0,0,0,0,0,0,0,0,0,71,103,104,103,104,103,104,72,0,0,0,0,0,0,0,0,
0,0,0,0,0,0,0,0,0,0,0,0,0,0,0,0,0,0,0,0,0,0,0,0,0,0,0,0,0,0,0,0,0,0,0,0,0,0,0,0,0,0,0,0,0,0,0,0,0,0,0,0,0,0,0,0,0,0,0,0,0,0,0,0,0,0,0,0,0,0,0,0,0,0,0,0,0,0,0,0,0,0,0,0,87,119,120,119,120,119,120,88,0,0,0,0,0,0,0,0,
0,0,0,0,0,0,0,0,0,0,0,0,0,0,0,0,0,0,0,0,0,0,0,0,0,0,0,0,0,0,0,0,0,0,0,0,0,0,0,0,0,0,0,0,0,0,0,0,0,0,0,0,0,0,0,0,0,0,0,0,0,0,0,0,0,0,0,0,0,0,0,0,0,0,0,0,0,0,0,0,0,0,0,0,0,87,88,87,88,87,88,0,0,0,0,71,72,71,72,0,
0,0,0,0,0,0,0,0,0,0,0,0,0,0,0,0,0,0,0,0,0,0,0,0,0,0,0,0,0,0,0,0,0,0,0,0,0,0,0,0,0,0,0,0,0,0,0,0,0,0,0,0,0,0,0,0,0,0,0,0,0,0,0,0,0,0,0,0,0,0,0,0,0,0,0,0,0,0,0,0,0,0,0,0,0,0,0,0,0,0,0,0,0,0,71,103,104,103,104,72,
0,0,0,0,0,0,0,0,0,0,0,0,0,0,0,0,0,0,0,0,0,0,0,0,0,0,0,0,0,0,0,0,0,0,0,0,0,0,0,0,0,0,0,0,0,0,0,0,0,0,0,0,0,0,0,0,0,0,0,0,0,0,0,0,0,0,0,0,0,0,0,0,0,0,0,0,0,0,0,0,0,0,0,71,72,71,72,0,0,71,72,71,72,71,103,119,120,119,120,88,
0,0,0,0,0,0,0,0,0,0,0,0,0,0,0,0,0,0,0,0,0,0,0,0,0,0,0,0,0,0,0,0,0,0,0,0,0,0,0,0,0,0,0,0,0,0,0,0,0,0,0,0,0,0,0,0,0,0,0,0,0,0,0,0,0,188,189,0,0,0,0,0,0,0,0,0,0,0,0,0,0,0,71,103,104,103,104,72,71,103,104,103,104,103,104,103,104,103,104,72,
0,0,0,0,0,0,0,0,0,0,0,0,0,0,0,0,0,0,0,0,0,0,0,0,0,0,0,0,0,0,0,0,0,0,0,0,0,0,0,0,0,0,0,0,0,0,0,0,0,0,0,0,0,0,0,0,0,0,0,0,0,0,0,188,189,204,205,0,0,0,0,0,0,0,0,0,0,71,72,71,72,71,103,119,120,119,120,88,87,119,120,119,120,119,120,119,120,119,120,88,
0,0,0,0,0,0,0,0,0,0,0,0,0,0,0,0,0,0,0,0,0,0,0,0,0,0,0,0,0,0,0,0,0,0,0,0,0,0,0,0,0,0,0,0,0,0,0,0,0,0,0,0,0,0,0,0,0,0,0,0,0,0,0,204,205,188,189,187,189,0,0,0,0,0,0,0,71,103,104,103,104,103,104,103,104,103,104,72,71,103,104,103,104,103,104,103,104,103,104,72,
0,0,0,0,0,0,0,0,0,0,0,0,0,0,0,0,0,0,0,0,0,0,0,0,0,0,0,0,0,0,0,0,0,0,0,0,0,0,0,0,0,0,0,0,0,0,0,0,0,0,0,0,0,0,0,0,0,0,0,0,0,0,0,0,0,204,205,204,205,0,0,0,0,0,0,0,87,119,120,119,120,119,120,119,120,119,120,88,87,119,120,119,120,119,120,119,120,119,120,88,
0,0,0,0,0,0,0,0,0,0,0,0,0,0,0,0,0,0,0,0,0,0,0,0,0,0,0,0,0,0,0,0,0,0,0,0,0,0,0,0,0,0,0,0,0,0,0,0,0,0,0,0,0,0,0,0,0,0,0,0,0,0,0,0,0,0,0,0,0,0,0,0,0,0,0,0,71,103,104,103,104,103,104,103,104,103,104,72,71,103,104,103,103,104,104,103,104,103,104,72,
0,0,0,0,0,0,0,0,0,0,0,0,0,0,0,0,0,0,0,0,0,0,0,0,0,0,0,0,0,0,0,0,0,0,0,0,0,0,0,0,0,0,0,0,0,0,0,0,0,0,0,0,0,0,0,0,0,0,0,0,0,0,0,0,0,0,0,0,0,0,188,189,187,189,0,0,87,119,120,119,120,119,120,119,120,119,120,88,87,119,120,119,119,120,120,119,120,119,120,88,
0,0,0,0,0,0,0,0,0,0,0,0,0,0,0,0,0,0,0,0,0,0,0,0,0,0,0,0,0,0,0,0,0,0,0,0,0,0,0,0,0,0,0,0,0,0,0,0,0,0,0,0,0,0,0,0,0,0,0,0,0,0,0,0,0,0,0,0,0,0,204,205,204,205,0,0,71,103,104,103,103,104,104,103,104,103,104,72,71,103,104,103,104,103,104,72,0,0,0,0,
0,0,0,0,0,0,0,0,0,0,0,0,0,0,0,0,0,0,0,0,0,0,0,0,0,0,0,0,0,0,0,0,0,0,0,0,0,0,0,0,0,0,0,0,0,0,0,0,0,0,0,0,0,0,0,0,0,0,0,0,0,0,0,0,0,0,0,0,0,0,0,0,188,189,0,0,87,119,120,119,119,120,120,119,120,119,120,88,87,119,120,119,120,119,120,88,0,0,0,0,
0,0,0,0,0,0,0,0,0,0,0,0,0,0,0,0,0,0,0,0,0,0,0,0,0,0,0,0,0,0,0,0,0,0,0,0,0,0,0,0,0,0,0,0,0,0,0,0,0,0,0,0,0,0,0,0,0,0,0,0,0,0,0,0,0,0,0,0,0,0,0,0,204,205,0,0,71,103,104,103,104,103,104,72,0,0,0,0,0,87,88,87,88,87,88,0,0,0,0,0,
0,0,0,0,0,0,0,0,0,0,0,0,0,0,0,0,0,0,0,0,0,0,0,0,0,0,0,0,0,0,0,0,0,0,0,0,0,0,0,0,0,0,0,0,0,0,0,0,0,0,0,0,0,0,0,0,0,0,0,0,0,0,0,0,0,0,0,0,0,0,0,0,0,0,0,0,87,119,120,119,120,119,120,88,0,0,0,0,0,0,0,0,0,0,0,0,0,0,0,0,
0,0,0,0,0,0,0,0,0,0,0,0,0,0,0,0,0,0,0,0,0,0,0,0,0,0,0,0,0,0,0,0,0,0,0,0,0,0,0,0,0,0,0,0,0,0,0,0,0,0,0,0,0,0,0,0,0,0,0,0,0,0,0,0,0,0,0,0,0,0,0,0,0,0,0,0,0,87,88,87,88,87,88,0,0,0,0,0,71,72,71,72,0,0,0,71,72,71,72,0,
0,0,0,0,0,0,0,0,0,0,0,0,0,0,0,0,0,0,0,0,0,0,0,0,0,0,0,0,0,0,0,0,0,0,0,0,0,0,0,0,0,0,0,0,0,0,0,0,0,0,0,0,0,0,0,0,0,0,0,0,0,0,0,0,0,0,0,0,0,0,0,0,0,0,0,0,0,0,0,0,0,0,0,0,71,72,71,72,103,104,103,103,72,0,71,103,104,103,104,72,
0,0,0,0,0,0,0,0,0,0,0,0,0,0,0,0,0,0,0,0,0,0,0,0,0,0,0,0,0,0,0,0,0,0,0,0,0,0,0,0,0,0,0,0,0,0,0,0,0,0,0,0,0,0,0,0,0,0,0,0,0,0,0,0,0,0,0,0,0,0,0,0,0,0,0,0,0,0,0,0,0,0,71,71,103,104,103,104,119,120,119,119,120,71,103,119,120,119,120,88,
0,0,0,0,0,0,0,0,0,0,0,0,0,0,0,0,0,0,0,0,0,0,0,0,0,0,186,0,0,0,0,0,0,0,0,0,0,0,0,0,0,0,0,0,0,0,0,0,0,0,0,0,0,0,0,0,0,0,0,0,0,0,0,0,0,0,0,0,0,0,0,0,0,0,0,0,0,0,71,72,71,72,71,103,119,120,119,120,103,104,104,103,104,103,104,103,104,103,104,72,
0,0,0,0,0,0,0,0,0,0,0,0,0,0,0,0,0,0,0,0,0,0,0,0,0,0,0,0,0,0,0,0,0,0,0,0,0,0,0,0,0,0,0,0,0,0,0,0,0,0,0,0,0,0,0,0,0,0,0,0,0,0,0,0,0,0,0,0,0,0,0,0,0,0,0,0,0,71,103,104,103,104,103,104,103,104,103,104,119,120,120,119,120,119,120,119,120,119,120,88,
0,0,0,0,0,0,0,0,0,0,0,0,0,0,0,0,0,0,0,0,0,0,0,0,0,0,0,0,0,0,0,0,0,0,0,0,0,0,0,0,0,0,0,0,0,0,0,0,0,0,0,0,0,0,0,0,0,0,0,0,0,0,0,0,0,0,0,0,0,0,0,0,0,0,0,0,0,87,119,120,119,120,119,120,119,120,119,120,103,104,104,103,104,103,104,103,104,103,104,72,
0,0,0,0,0,0,0,0,0,0,0,0,0,0,0,0,0,0,0,0,0,0,0,0,0,0,0,0,0,0,0,0,0,0,0,0,0,0,0,0,0,0,0,0,0,0,0,0,0,0,0,0,0,0,0,0,0,0,0,0,0,0,0,0,0,0,0,0,0,0,0,0,0,0,0,0,0,71,103,104,103,104,103,104,103,104,103,104,119,120,120,119,120,119,120,119,120,119,120,88,
0,0,0,0,0,0,0,0,0,0,0,0,0,0,0,0,0,0,0,0,0,0,0,202,0,0,0,0,0,202,0,0,0,0,0,0,0,0,0,0,0,0,0,0,0,0,0,0,0,0,0,0,0,0,0,0,0,0,0,0,0,0,0,0,0,0,0,0,0,163,164,0,0,0,0,0,0,87,119,120,119,120,119,120,119,120,119,120,103,104,104,103,103,104,104,103,104,103,104,72,
0,0,0,0,0,0,0,0,0,0,0,0,0,0,0,0,0,0,0,0,0,0,0,218,0,220,221,222,0,218,0,0,0,0,0,0,0,0,0,0,0,0,0,0,0,0,0,0,0,0,0,0,0,0,0,0,0,0,0,0,0,0,0,0,0,0,0,0,0,179,180,0,0,0,0,0,0,71,103,104,103,103,104,104,103,104,103,103,104,120,120,119,119,120,120,119,120,119,120,88,
0,0,0,0,0,0,0,0,0,0,0,0,0,0,0,0,0,0,0,0,0,0,0,0,0,236,201,238,0,0,0,0,0,0,0,0,0,0,0,0,0,0,0,0,0,0,0,0,0,0,0,0,0,0,0,0,0,0,0,0,0,0,0,0,0,0,0,0,0,195,196,0,0,0,0,0,0,87,119,120,119,119,120,120,119,120,119,119,120,103,104,103,104,103,104,72,0,0,0,0,
0,0,0,0,0,0,0,0,0,0,0,0,0,0,0,0,0,186,0,0,0,0,0,0,0,236,217,238,0,0,0,0,0,0,0,186,0,0,0,0,0,0,0,0,0,0,0,0,0,0,0,0,0,0,0,0,0,0,0,0,0,0,0,0,0,0,0,0,0,0,0,0,0,0,0,0,0,71,103,104,103,104,103,103,104,120,119,120,87,119,120,119,120,119,120,88,0,0,0,0,
0,0,0,0,0,0,0,0,0,0,0,0,0,0,0,0,0,0,0,0,0,0,0,202,0,252,253,254,0,202,0,0,0,0,0,0,0,0,0,0,0,0,0,0,0,0,0,0,0,0,0,0,0,0,0,0,0,0,0,0,0,0,0,0,0,0,0,0,0,0,0,0,0,0,0,0,0,87,119,120,119,120,119,119,120,88,87,88,0,71,72,71,72,87,88,0,0,0,0,0,
0,0,0,0,0,0,0,0,0,0,0,0,0,0,0,0,0,0,0,0,0,0,0,218,0,0,0,0,0,218,0,0,0,0,0,0,0,0,0,0,0,0,0,0,0,0,0,0,0,0,0,0,0,0,0,0,0,0,0,0,0,0,0,0,0,0,0,0,0,0,0,0,0,0,0,0,0,0,87,88,87,88,87,88,0,0,0,0,71,103,104,103,104,72,0,0,0,0,0,0,
0,0,0,0,0,0,0,0,0,0,0,0,0,0,0,0,0,0,0,0,0,0,0,0,0,0,0,0,0,0,0,0,0,0,0,0,0,0,0,0,0,0,0,0,0,0,0,0,0,0,0,0,0,0,0,0,0,0,71,72,71,72,0,0,0,0,0,0,0,0,71,72,71,72,0,0,0,0,0,0,0,0,0,71,72,71,72,71,103,119,120,119,120,88,0,0,0,0,0,0,
0,0,0,0,0,0,0,0,0,0,0,0,0,0,0,0,0,0,0,0,0,0,0,0,0,0,0,0,0,0,0,0,0,0,0,0,0,0,0,0,0,0,0,0,0,0,0,0,0,0,0,0,0,0,0,0,0,71,103,104,103,104,72,0,0,0,0,0,0,71,103,104,103,104,72,0,0,0,0,0,0,0,71,103,104,103,104,103,104,103,104,103,104,72,0,0,0,0,0,0,
0,0,0,0,0,0,0,0,0,0,0,0,0,0,0,0,0,0,0,0,0,0,0,0,0,0,0,0,0,0,0,0,0,0,0,0,0,0,0,0,0,0,0,0,0,0,0,0,0,0,0,0,71,72,71,72,71,103,119,120,119,120,88,0,71,72,71,72,71,103,119,120,119,120,88,0,0,0,0,0,0,0,87,119,120,119,120,119,120,119,120,119,120,88,0,0,0,0,0,0,
0,0,0,0,0,0,0,0,0,0,0,0,0,0,0,0,0,0,0,0,0,0,0,0,0,186,0,0,0,0,0,0,0,0,0,0,0,0,0,0,0,0,0,0,0,0,0,0,0,0,0,71,103,104,103,104,103,104,103,104,103,104,72,71,103,104,103,104,103,104,103,104,103,104,72,0,0,0,0,0,0,0,71,103,104,103,104,103,104,103,104,103,104,72,0,0,0,0,0,0,
0,0,0,0,0,0,0,0,0,0,0,0,0,0,0,0,0,0,0,0,0,0,0,0,0,0,0,0,0,0,0,0,0,0,0,0,0,0,0,0,0,0,0,0,0,0,0,0,0,0,0,87,119,120,119,120,119,120,119,120,119,120,88,87,119,120,119,120,119,120,119,120,119,120,88,0,0,0,0,0,0,0,87,119,120,119,120,119,120,119,120,119,120,88,0,0,0,0,0,0,
0,0,0,0,0,0,0,0,0,0,0,0,0,0,0,0,0,0,0,0,0,0,0,0,0,0,0,0,0,0,0,0,0,0,0,0,0,0,0,0,0,0,0,0,0,0,0,0,0,0,0,71,103,104,103,104,103,104,103,104,103,104,72,71,103,104,103,104,103,104,103,104,103,104,72,0,0,0,0,0,0,0,71,103,104,103,103,104,104,103,104,103,104,72,0,0,0,0,0,0,
0,0,0,0,0,0,0,0,0,0,0,0,0,0,0,0,0,0,0,0,0,0,0,0,0,0,0,0,0,0,0,0,0,0,0,0,0,0,0,0,0,0,0,0,0,0,0,0,0,0,0,87,119,120,119,120,119,120,119,120,119,120,88,87,119,120,119,120,119,120,119,120,119,120,88,0,0,0,0,0,0,0,87,119,120,119,119,120,120,119,120,119,120,88,0,0,0,0,0,0,
0,0,0,0,0,0,0,0,0,0,0,0,0,0,0,0,0,0,0,0,0,0,0,0,0,0,0,0,0,0,0,0,0,0,0,0,0,0,0,0,0,0,0,0,0,0,0,0,0,0,0,71,103,104,103,103,104,104,103,104,103,104,72,71,103,104,103,103,104,104,103,104,103,104,72,0,0,0,0,0,0,0,71,103,104,103,104,103,104,72,0,0,0,0,0,0,0,0,0,0,
0,0,0,0,0,0,0,0,0,0,0,0,0,0,0,0,0,0,0,0,0,0,0,0,0,0,0,0,0,0,0,0,0,0,0,0,0,0,0,0,0,0,0,0,0,0,0,0,0,0,0,87,119,120,119,119,120,120,119,120,119,120,88,87,119,120,119,119,120,120,119,120,119,120,88,0,0,0,0,0,0,0,87,119,120,119,120,119,120,88,0,0,0,0,0,0,0,0,0,0,
0,0,0,0,0,0,0,0,0,0,0,0,0,0,0,0,0,0,0,0,0,0,0,0,0,0,0,0,0,0,0,0,0,0,0,0,0,0,0,0,0,0,0,0,0,0,0,0,0,0,0,71,103,104,103,104,103,104,72,0,0,0,0,71,103,104,103,104,103,104,72,0,0,0,0,0,0,0,0,0,0,0,0,87,88,87,88,87,88,0,0,0,0,0,0,0,0,0,0,0,
0,0,0,0,0,0,0,0,0,0,0,0,0,0,0,0,0,0,0,0,0,0,0,0,0,0,0,0,0,0,0,0,0,0,0,0,0,0,0,0,0,0,0,0,0,0,0,0,0,0,0,87,119,120,119,120,119,120,88,0,0,0,0,87,119,120,119,120,119,120,88,0,0,0,0,0,0,0,0,0,0,0,0,0,0,0,0,0,0,0,0,0,0,0,0,0,0,0,0,0,
0,0,0,0,0,0,0,0,0,0,0,0,0,0,0,0,0,0,0,0,0,0,0,0,0,0,0,0,0,0,0,0,0,0,0,0,0,0,0,0,0,0,0,0,0,0,0,0,0,0,0,0,87,88,87,88,87,88,0,0,0,0,0,0,87,88,87,88,87,88,0,0,0,0,0,0,0,0,0,0,0,0,0,0,0,0,0,0,0,0,0,0,0,0,0,0,0,0,0,0

[layer]
type=Camada de Tiles 2
data=
0,0,0,0,0,0,0,0,0,0,0,0,0,0,0,0,0,0,0,0,0,0,0,0,0,0,0,0,0,0,0,0,0,0,0,0,0,0,0,0,0,0,0,0,0,145,146,145,146,145,146,145,146,0,0,0,0,0,0,0,0,0,0,0,0,0,0,0,0,0,0,0,0,0,0,0,0,0,0,0,0,0,0,0,0,0,0,0,0,0,0,0,0,0,0,0,0,0,0,0,
0,0,0,0,0,0,0,0,0,0,0,0,0,0,0,0,0,0,0,0,0,0,0,0,0,0,0,0,0,0,0,0,0,0,0,0,0,0,0,0,0,0,0,0,145,131,132,131,132,131,132,131,132,146,145,146,0,0,0,0,0,0,0,0,0,0,0,0,0,0,0,0,0,0,0,0,0,0,0,0,0,0,0,0,0,0,0,0,0,0,0,0,0,0,0,0,0,0,0,0,
0,0,0,0,0,0,0,0,0,0,0,0,0,0,0,0,0,0,0,0,0,0,0,0,0,0,0,0,0,0,0,0,0,0,0,0,0,0,0,0,0,0,0,0,161,147,148,147,148,147,148,147,131,132,131,132,146,0,0,0,0,0,0,0,0,0,0,0,0,0,0,0,0,0,0,0,0,0,0,0,0,0,0,0,0,0,0,0,0,0,0,0,0,0,0,0,0,0,0,0,
0,0,0,0,0,0,0,0,0,0,0,0,0,0,0,0,0,0,0,145,146,145,146,145,146,145,146,0,0,0,0,0,0,0,0,0,0,0,0,211,211,0,0,0,145,131,132,131,132,131,132,131,147,148,147,148,162,0,0,0,0,0,0,0,0,0,0,0,0,0,0,0,0,0,0,0,0,0,0,0,0,0,0,0,0,0,0,0,0,0,0,0,0,0,0,0,0,0,0,0,
0,0,0,0,0,0,0,0,0,0,0,0,0,0,0,0,0,0,145,131,132,131,132,131,132,131,132,146,145,146,0,0,0,0,0,0,0,0,0,227,227,0,0,0,161,147,148,147,148,147,148,147,131,132,131,132,146,0,0,0,0,0,0,0,0,0,0,0,0,0,0,0,0,0,0,0,0,0,0,0,0,0,0,0,0,77,78,79,80,0,0,0,0,77,78,79,80,0,0,0,
0,0,0,0,0,0,0,0,0,0,0,0,0,0,0,0,0,0,161,147,148,147,148,147,148,147,131,132,131,132,146,0,0,0,211,211,211,211,0,211,0,0,0,0,145,131,132,131,132,131,132,131,147,148,147,148,132,146,0,0,0,0,0,0,0,0,0,0,0,0,0,0,0,0,0,0,0,0,0,0,0,0,0,0,0,93,94,95,96,0,0,0,0,93,94,95,96,0,0,0,
0,0,0,0,0,0,0,0,0,0,0,0,0,0,0,0,0,0,145,131,132,131,132,131,132,131,147,148,147,148,162,0,0,0,227,227,227,227,0,227,0,211,0,0,161,147,148,147,131,132,131,132,131,132,148,147,148,162,0,0,0,0,0,0,0,0,0,0,0,0,0,0,0,0,0,0,0,0,0,0,0,0,0,0,0,109,110,111,112,13,14,0,0,109,110,111,112,0,0,0,
0,0,0,0,0,0,145,146,145,146,145,146,145,146,0,0,0,0,161,147,148,147,148,147,148,147,131,132,131,132,146,0,0,0,0,0,0,211,211,211,0,227,0,0,0,161,162,161,147,148,147,148,147,148,132,131,132,146,0,0,0,0,0,0,0,0,0,0,0,0,0,0,0,0,0,0,0,0,0,0,0,0,0,0,0,125,126,127,128,29,30,0,0,125,126,127,128,0,0,0,
0,0,0,0,0,145,131,132,131,132,131,132,131,132,146,0,0,0,145,131,132,131,132,131,132,131,147,148,147,148,132,146,0,0,0,0,211,227,227,227,0,0,0,0,0,0,0,85,161,147,148,147,148,147,148,147,148,162,0,0,0,0,0,0,0,0,0,0,0,0,0,0,0,0,0,0,0,0,0,0,0,0,0,0,0,141,142,143,144,13,14,0,0,141,142,143,144,0,0,0,
0,0,0,0,0,161,147,148,147,148,147,148,147,148,162,0,0,0,161,147,148,147,131,132,131,132,131,132,148,147,148,162,0,0,0,0,227,0,0,0,0,0,0,0,0,0,0,0,145,131,132,131,132,131,132,131,132,146,0,0,0,0,0,0,0,0,0,0,0,0,0,0,0,0,0,0,0,0,0,0,0,0,0,0,0,157,158,159,160,29,30,0,0,157,158,159,160,0,0,0,
0,0,0,0,0,145,131,132,131,132,131,132,131,132,146,0,0,0,0,161,162,161,147,148,147,148,147,148,132,131,132,146,0,0,0,0,0,0,0,0,0,0,0,0,0,86,0,0,161,147,148,147,148,147,148,147,148,162,0,0,0,0,0,0,0,0,0,0,0,0,0,0,0,0,0,0,0,0,0,0,0,0,0,0,0,0,0,0,0,0,0,0,0,0,0,0,0,0,0,0,
0,0,0,0,0,161,147,148,147,148,147,148,147,148,162,0,0,0,0,0,0,0,161,147,148,147,148,147,148,147,148,162,0,0,0,0,0,0,0,0,211,0,0,0,0,0,0,0,0,161,162,161,162,161,162,161,162,0,0,0,0,0,0,197,0,0,0,0,197,0,0,0,0,0,197,0,0,0,0,0,197,0,0,0,0,0,0,0,0,0,0,0,0,0,0,0,0,0,0,0,
0,0,0,0,0,145,131,132,131,132,131,132,131,132,146,0,0,0,0,0,0,0,145,131,132,131,132,131,132,131,132,146,0,0,0,211,211,211,0,211,227,211,0,0,0,0,0,0,0,0,0,0,0,0,0,0,0,0,0,0,0,0,0,0,0,0,0,0,0,0,0,0,0,0,0,0,0,0,0,0,0,0,0,0,0,0,0,0,0,0,0,0,0,0,0,0,0,0,0,0,
0,0,0,0,0,161,147,148,147,148,147,148,147,148,162,0,0,0,0,0,0,0,161,147,148,147,148,147,148,147,148,162,0,0,0,227,227,227,0,227,0,227,0,0,0,0,0,0,0,0,145,146,145,146,145,146,145,146,0,0,0,0,0,0,0,0,0,0,0,0,0,0,0,0,0,0,0,0,0,0,0,0,0,0,0,0,0,0,0,0,0,0,0,0,0,0,0,0,0,0,
0,0,0,0,0,0,161,162,161,162,161,162,161,162,0,0,0,0,0,163,164,0,0,161,162,161,162,161,162,161,162,85,0,0,242,243,242,243,242,243,242,243,0,0,0,0,0,0,0,145,131,132,131,132,131,132,131,132,146,145,146,0,0,0,0,197,0,0,0,0,0,197,0,0,0,0,0,197,0,0,0,0,0,0,0,0,0,0,0,0,0,0,0,0,0,0,0,0,0,0,
0,0,0,0,0,0,0,0,0,0,0,0,0,0,0,0,0,0,0,179,180,0,0,0,0,0,0,0,0,0,0,0,0,0,0,0,242,243,242,243,242,243,0,0,0,0,0,0,0,161,147,148,147,148,147,148,147,131,132,131,132,146,0,0,0,0,0,0,0,0,0,0,0,0,0,0,0,0,0,0,0,0,0,0,0,77,78,79,80,0,77,78,79,80,0,77,78,79,80,0,
0,0,0,0,0,0,0,0,0,0,0,0,0,0,0,0,0,0,0,195,196,0,0,0,0,0,0,0,0,0,0,0,0,0,0,0,0,0,0,0,0,0,0,0,0,0,0,0,0,145,131,132,131,132,131,132,131,147,148,147,148,162,0,0,0,0,0,0,0,0,0,0,0,0,0,0,0,0,0,0,0,0,0,0,0,93,94,95,96,0,93,94,95,96,0,93,94,95,96,0,
0,0,0,0,0,0,0,0,0,0,0,0,0,0,0,0,0,0,0,0,0,0,0,0,0,0,0,0,0,0,0,0,0,0,0,0,0,0,0,0,0,0,0,0,0,0,0,0,0,161,147,148,147,148,147,148,147,131,132,131,132,146,0,0,0,0,0,0,0,0,0,0,0,0,0,0,0,0,0,0,0,0,0,0,0,109,110,111,112,0,109,110,111,112,0,109,110,111,112,0,
0,0,0,0,0,0,0,0,0,0,0,0,0,0,0,0,0,0,0,0,0,0,0,0,0,0,0,0,0,0,0,0,0,0,0,0,0,0,0,0,0,0,0,0,0,0,0,0,0,145,131,132,131,132,131,132,131,147,148,147,148,132,146,0,0,0,0,0,0,0,0,0,0,0,0,0,0,0,0,0,0,0,0,0,0,125,126,127,128,0,125,126,127,128,0,125,126,127,128,0,
0,0,0,0,0,0,0,0,0,0,0,0,0,0,0,0,0,0,0,0,0,0,0,0,0,0,0,0,0,0,0,0,0,0,0,0,0,0,0,0,0,0,0,0,0,0,0,0,0,161,147,148,147,131,132,131,132,131,132,148,147,148,162,0,0,0,0,0,0,0,0,0,0,0,0,0,0,0,0,0,0,0,0,63,63,141,142,143,144,0,141,142,143,144,0,141,142,143,144,0,
0,0,0,0,0,0,0,0,0,0,0,145,146,145,146,145,146,145,146,0,0,145,146,145,146,145,146,145,146,0,0,0,0,0,0,0,0,0,0,0,0,0,0,0,0,0,0,0,0,0,161,162,161,147,148,147,148,147,148,132,131,132,146,0,0,0,0,0,0,0,0,0,0,0,0,0,0,0,0,0,0,0,63,63,63,157,158,159,160,0,157,158,159,160,0,157,158,159,160,0,
0,0,0,0,0,0,0,0,0,0,145,131,132,131,132,131,132,131,132,146,145,131,132,131,132,131,132,131,132,146,0,0,0,0,0,0,0,0,0,0,0,0,0,0,0,0,0,0,0,0,0,0,0,161,147,148,147,148,147,148,147,148,162,0,0,0,0,0,0,0,0,0,0,0,0,0,0,0,0,0,0,0,0,0,0,0,0,0,0,0,0,0,0,0,0,0,0,0,0,0,
0,0,0,0,0,0,0,0,0,0,161,147,148,147,148,147,148,147,148,162,161,147,148,147,148,147,148,147,148,162,0,0,0,0,0,0,0,0,0,0,0,0,0,0,0,0,0,0,0,0,0,0,0,145,131,132,131,132,131,132,131,132,146,0,0,0,0,0,0,0,0,0,0,0,0,0,0,0,0,0,0,0,0,0,0,0,0,0,0,0,0,0,0,0,0,0,0,0,0,0,
0,0,0,0,0,0,0,0,0,0,145,131,132,131,132,131,132,131,132,146,145,131,132,131,132,131,132,131,132,146,0,0,0,0,0,0,0,0,0,0,0,0,0,0,0,0,0,0,0,0,0,0,0,161,147,148,147,148,147,148,147,148,162,0,0,0,0,0,0,0,0,0,0,0,0,0,0,0,0,77,78,79,80,0,0,0,0,0,0,0,0,0,0,0,77,78,79,80,0,0,
0,0,0,0,0,0,0,0,0,0,161,147,148,147,148,147,148,147,148,162,161,147,148,147,148,147,148,147,148,162,0,0,0,0,0,0,0,0,0,0,0,0,0,0,0,0,0,0,0,0,0,0,0,0,161,162,161,162,161,162,161,162,0,0,0,0,0,0,0,0,0,0,0,0,0,0,0,0,0,93,94,95,96,0,0,0,0,0,0,0,0,0,0,0,93,94,95,96,0,0,
0,0,0,0,0,0,0,0,0,0,145,131,132,131,132,131,132,131,132,146,145,131,132,131,132,131,132,131,132,146,0,0,0,0,0,0,0,0,0,0,0,0,0,0,0,0,0,0,0,0,0,0,0,0,0,0,0,0,0,0,0,0,0,0,0,0,0,0,0,0,0,0,0,0,0,0,0,0,0,109,110,111,112,0,0,0,0,0,0,0,0,0,0,0,109,110,111,112,0,0,
0,0,0,0,0,0,0,0,0,0,161,147,148,147,148,147,148,147,148,162,161,147,148,147,148,147,148,147,148,162,0,0,0,0,0,0,0,0,145,146,145,146,145,146,145,146,0,0,0,0,0,0,0,0,0,0,0,0,0,0,0,0,0,0,0,0,0,0,0,0,0,0,0,0,0,0,0,0,0,125,126,127,128,0,0,0,0,77,78,79,80,0,0,16,125,126,127,128,0,0,
0,0,0,0,0,0,0,0,0,0,0,161,162,161,162,161,162,161,162,0,0,161,162,161,162,161,162,161,162,0,0,0,0,0,0,0,0,145,131,132,131,132,131,132,131,132,146,145,146,0,0,0,0,0,0,0,0,0,0,0,0,0,0,0,0,0,0,0,0,0,0,0,0,0,0,0,0,0,0,141,142,143,144,0,0,0,0,93,94,95,96,0,0,32,141,142,143,144,0,0,
0,0,0,0,0,0,0,0,0,0,0,0,0,0,0,0,0,0,0,0,0,0,0,0,0,0,0,0,0,0,0,0,0,0,0,0,0,161,147,148,147,148,147,148,147,131,132,131,132,146,0,0,0,0,0,0,0,0,0,0,0,0,0,0,0,0,0,0,0,0,0,0,0,0,0,0,0,0,0,157,158,159,160,0,0,0,0,109,110,111,112,0,0,48,157,158,159,160,0,0,
0,0,0,0,0,0,0,0,0,0,0,0,0,0,0,0,0,0,0,0,0,0,0,0,0,0,0,0,0,0,0,0,0,0,0,0,0,145,131,132,131,132,131,132,131,147,148,147,148,162,0,0,0,0,0,0,0,0,0,0,0,0,0,0,0,0,0,0,0,0,0,0,0,0,0,0,0,0,0,0,0,0,0,0,0,0,16,125,126,127,128,0,0,0,0,0,0,0,0,0,
0,0,0,0,0,0,0,0,0,0,0,0,0,0,0,0,0,0,0,0,0,0,0,0,0,0,0,0,0,0,0,0,0,0,0,0,0,161,147,148,147,148,147,148,147,131,132,131,132,146,0,0,0,0,0,0,0,0,0,0,0,0,0,0,0,0,0,0,0,0,0,0,0,0,0,0,0,0,0,0,0,0,0,0,0,0,32,141,142,143,144,0,0,0,0,0,0,0,0,0,
0,0,0,0,0,0,0,0,0,0,0,0,0,0,0,0,0,0,0,0,0,0,0,0,0,0,0,0,0,0,0,0,0,0,0,0,0,145,131,132,131,132,131,132,131,147,148,147,148,132,146,0,0,0,0,0,0,0,0,0,0,0,0,0,0,0,0,0,0,0,0,0,0,0,0,0,0,0,0,0,0,0,0,0,0,0,48,157,158,159,160,0,0,0,0,0,0,0,0,0,
0,0,0,0,0,0,0,0,0,0,0,0,0,0,0,0,0,0,0,0,0,0,0,0,0,0,0,0,0,0,0,0,0,0,0,0,0,161,147,148,147,131,132,131,132,131,132,148,147,148,162,0,0,0,0,0,0,0,0,0,0,0,0,0,0,0,0,0,0,0,0,0,0,0,0,0,0,0,0,0,0,0,0,0,0,0,0,0,0,0,0,0,0,0,0,0,0,0,0,0,
0,0,0,0,0,0,0,0,0,0,0,0,0,0,0,0,0,0,0,0,0,0,0,0,0,0,0,0,0,0,0,0,0,0,0,0,0,0,161,162,161,147,148,147,148,147,148,132,131,132,146,0,0,0,0,0,0,0,0,0,0,0,0,0,0,0,0,0,0,0,0,0,0,0,0,0,0,0,0,0,0,0,0,0,0,0,0,0,0,0,0,0,0,0,0,0,0,0,0,0,
0,0,0,0,0,0,0,0,0,0,0,0,0,0,0,0,0,0,0,0,0,0,0,0,0,0,0,0,0,0,0,0,0,0,0,0,0,0,0,0,0,161,147,148,147,148,147,148,147,148,162,0,0,0,0,0,0,0,0,0,0,0,0,0,0,0,0,0,0,0,0,0,0,0,0,0,0,0,0,0,0,0,0,0,0,0,0,0,0,0,0,0,0,0,0,0,0,0,0,0,
0,0,0,0,0,0,0,0,0,0,0,0,0,0,0,0,0,0,0,0,0,0,0,0,0,0,0,0,0,0,0,0,0,0,0,0,0,0,0,0,0,145,131,132,131,132,131,132,131,132,146,0,0,0,0,0,0,0,0,0,0,0,0,0,0,0,0,0,0,0,0,0,0,0,0,0,0,0,0,0,0,0,0,0,0,0,0,0,0,0,0,0,0,0,0,0,0,0,0,0,
0,0,0,0,0,0,0,0,0,0,0,0,0,0,0,0,0,0,0,0,0,0,0,0,0,0,0,0,0,0,0,0,0,0,0,0,0,0,0,0,0,161,147,148,147,148,147,148,147,148,162,0,0,0,0,0,0,0,0,0,0,0,0,0,0,0,0,0,0,0,0,0,0,0,0,0,0,0,0,0,0,0,0,0,0,0,0,0,0,0,0,0,0,0,0,0,0,0,0,0,
0,0,0,0,0,0,0,0,0,0,0,0,0,0,0,0,0,0,0,0,0,0,0,0,0,0,0,0,0,0,0,0,0,0,0,0,0,0,0,0,0,0,161,162,161,162,161,162,161,162,0,0,0,0,0,0,0,0,0,0,0,0,0,0,0,0,0,0,0,0,0,0,9,10,11,12,10,11,12,9,10,11,12,9,10,11,12,0,0,0,0,0,0,0,0,0,0,0,0,0,
0,0,0,0,0,0,0,0,0,0,0,0,0,0,0,0,0,0,0,0,0,0,0,0,0,0,0,0,0,0,0,0,0,0,0,0,0,0,0,0,0,0,0,0,0,0,0,0,0,0,0,0,0,0,0,0,0,0,0,0,0,0,0,0,0,0,0,0,0,0,0,0,25,26,27,28,26,27,28,25,26,27,28,25,26,27,28,0,0,0,0,0,0,0,0,0,0,0,0,0,
0,0,0,0,0,0,0,0,0,0,0,0,0,0,0,0,0,0,0,0,0,0,0,0,0,0,0,0,0,0,0,0,0,0,0,0,0,0,0,0,0,0,0,0,0,0,0,0,0,0,0,0,0,0,0,0,0,0,0,0,0,0,0,0,0,0,0,0,0,0,0,0,25,26,27,28,26,27,28,25,26,27,28,25,26,27,28,0,0,0,0,0,0,0,0,0,0,0,0,0,
0,0,0,0,0,0,0,0,0,0,0,0,0,0,0,0,0,0,0,0,0,0,0,0,0,0,0,0,0,0,0,0,0,0,0,0,0,0,0,0,0,0,0,0,0,0,0,0,0,0,0,0,0,0,0,0,0,0,0,0,0,0,0,0,0,0,0,0,0,0,0,0,41,41,41,41,41,41,41,41,41,41,41,41,41,41,41,0,0,0,0,0,0,0,0,0,0,0,0,0,
0,0,0,0,0,0,0,0,0,0,0,0,0,0,0,0,0,0,0,0,0,0,0,0,0,0,0,0,0,0,0,0,0,0,0,0,0,0,0,0,0,0,0,0,0,0,0,0,0,0,0,0,0,0,0,0,0,0,0,0,0,0,0,0,0,0,0,0,0,0,0,0,41,41,41,41,41,41,41,41,41,41,41,41,41,41,41,0,0,0,0,0,0,0,0,0,0,0,0,0,
0,0,0,0,0,0,0,0,0,0,0,0,0,0,0,0,0,0,0,0,0,0,0,0,0,0,0,0,0,0,0,0,0,0,0,0,0,0,0,0,0,0,0,0,0,0,0,0,0,0,0,0,0,0,0,0,0,0,0,0,0,0,0,0,0,0,0,0,0,0,0,0,0,0,0,0,0,0,0,0,0,0,0,0,0,0,0,0,0,0,0,0,0,0,0,0,0,0,0,0,
0,0,0,0,0,0,0,0,0,0,0,0,0,0,0,0,0,0,0,0,0,0,0,0,0,0,0,0,0,0,0,0,0,0,0,0,0,0,0,0,0,0,0,0,0,0,0,0,0,0,0,0,0,0,0,0,0,0,0,0,0,0,0,0,0,0,0,0,0,0,0,0,0,0,0,0,0,0,0,0,0,0,0,0,0,0,0,0,0,0,0,0,0,0,0,0,0,0,0,0,
0,0,0,0,0,0,0,0,0,0,0,0,0,0,0,0,0,0,0,0,0,0,0,0,0,0,0,0,0,0,0,0,0,0,0,0,0,0,0,0,0,0,0,0,0,0,0,0,0,0,0,0,0,0,0,0,0,0,0,0,0,0,0,0,0,0,0,0,0,0,0,0,0,0,0,0,0,0,0,0,0,0,0,0,0,0,0,0,0,0,0,0,0,0,0,0,0,0,0,0,
0,0,0,0,0,0,0,0,0,0,0,0,0,0,0,0,0,0,0,0,0,0,0,0,0,0,0,0,0,0,0,0,0,0,0,0,0,0,0,0,0,0,0,0,0,0,0,0,0,0,0,0,0,0,0,0,0,0,0,0,0,0,0,0,0,0,0,0,0,0,0,0,0,0,0,0,0,0,0,0,0,0,0,0,0,0,0,0,0,0,0,0,0,0,0,0,0,0,0,0,
0,0,0,0,0,0,0,0,0,0,0,0,0,0,0,0,0,0,0,0,0,0,0,0,0,0,0,0,0,0,0,0,0,0,0,0,0,0,0,0,0,0,0,0,0,0,0,0,0,0,0,0,0,0,0,0,0,0,0,0,0,0,0,0,0,0,0,0,0,0,0,0,0,0,0,0,0,0,0,0,0,0,0,0,0,0,0,0,0,0,0,0,0,0,0,0,0,0,0,0,
0,0,0,0,0,0,0,0,0,0,0,0,0,0,0,0,0,0,0,0,0,0,0,0,0,0,0,0,0,0,0,0,0,0,0,0,0,0,0,0,0,0,0,0,0,0,0,0,0,0,0,0,0,0,0,0,0,0,0,0,0,0,0,0,0,0,0,0,0,0,0,0,0,0,0,0,0,0,0,0,0,0,0,0,0,0,0,0,0,0,0,0,0,0,0,0,0,0,0,0,
0,0,0,0,0,0,0,0,0,0,0,0,0,0,0,0,0,0,0,0,0,0,0,0,0,0,0,0,0,0,0,0,0,0,0,0,0,0,0,0,0,0,0,0,0,0,0,0,0,0,0,0,0,0,0,0,0,0,0,0,0,0,0,0,0,0,0,0,0,0,0,0,0,0,0,0,0,0,0,0,0,0,0,0,0,0,0,0,0,0,0,0,0,0,0,0,0,0,0,0,
0,0,0,0,0,0,0,0,0,0,0,0,0,0,0,0,0,0,0,0,0,0,0,0,0,0,0,0,0,0,0,0,0,0,0,0,0,0,0,0,0,0,0,0,0,0,0,0,0,0,0,0,0,0,0,0,0,0,0,0,0,0,0,0,0,0,0,0,0,0,0,0,0,0,0,0,0,0,0,0,0,0,0,0,0,0,0,0,0,0,0,0,0,0,0,0,0,0,0,0,
0,0,0,0,0,0,0,0,0,0,0,0,0,0,0,0,0,0,0,0,0,0,0,0,0,0,0,0,0,0,0,0,0,0,0,0,0,0,0,0,0,0,0,0,0,0,0,0,0,0,0,0,0,0,0,0,0,0,0,0,0,0,0,0,0,0,0,0,0,0,0,0,0,0,0,0,0,0,0,0,0,0,0,0,0,0,0,0,0,0,0,0,0,0,0,0,0,0,0,0,
0,0,0,0,0,0,0,0,0,0,0,0,0,0,0,0,0,0,0,0,0,0,0,0,0,0,0,0,0,0,0,0,0,0,0,0,0,0,0,0,0,0,0,0,0,0,0,0,0,0,0,0,0,0,0,0,0,0,0,0,0,0,0,0,0,0,0,0,0,0,0,0,0,0,0,0,0,0,0,0,0,0,0,0,0,0,0,0,0,0,0,0,0,0,0,0,0,0,0,0,
0,0,0,0,0,0,0,0,0,0,0,0,0,0,0,0,0,0,0,0,0,0,0,0,0,0,0,0,0,0,0,0,0,0,0,0,0,0,0,0,0,0,0,0,0,0,0,0,0,0,0,0,0,0,0,0,0,0,0,0,0,0,0,0,0,0,0,0,0,0,0,0,0,0,0,0,0,0,0,0,0,0,0,0,0,0,0,0,0,0,0,0,0,0,0,0,0,0,0,0,
0,0,0,0,0,0,0,0,0,0,0,0,0,0,0,0,0,0,0,0,0,0,0,0,0,0,0,0,0,0,0,0,0,0,0,0,0,0,0,0,0,0,0,0,0,0,0,0,0,0,0,0,0,0,0,0,0,0,0,0,0,0,0,0,0,0,0,0,0,0,0,0,0,0,0,0,0,0,0,0,0,0,0,0,0,0,0,0,0,0,0,0,0,0,0,0,0,0,0,0,
0,0,0,0,0,0,0,0,0,0,0,0,0,0,0,0,0,0,0,0,0,0,0,0,0,0,0,0,0,0,0,0,0,0,0,0,0,0,0,0,0,0,0,0,0,0,0,0,0,0,0,0,0,0,0,0,0,0,0,0,0,0,0,0,0,0,0,0,0,0,0,0,0,0,0,0,0,0,0,0,0,0,0,0,0,0,0,0,0,0,0,0,0,0,0,0,0,0,0,0,
0,0,0,0,0,0,0,0,0,0,0,0,0,0,0,0,0,0,0,0,0,0,0,0,0,0,0,0,0,0,0,0,0,0,0,0,0,0,0,0,0,0,0,0,0,0,0,0,0,0,0,0,0,0,0,0,0,0,0,0,0,0,0,0,0,0,0,0,0,0,0,0,0,0,0,0,0,0,0,0,0,0,0,0,0,0,0,0,0,0,0,0,0,0,0,0,0,0,0,0,
0,0,0,0,0,0,0,0,0,0,0,0,0,0,0,0,0,0,0,0,0,0,0,0,0,0,0,0,0,0,0,0,0,0,0,0,0,0,0,0,0,0,0,0,0,0,0,0,0,0,0,0,0,0,0,0,0,0,0,0,0,0,0,0,0,0,0,0,0,0,0,0,0,0,0,0,0,0,0,0,0,0,0,0,0,0,0,0,0,0,0,0,0,0,0,0,0,0,0,0,
0,0,0,0,0,0,0,0,0,0,0,0,0,0,0,0,0,0,0,0,0,0,0,0,0,0,0,0,0,0,0,0,0,0,0,0,0,0,0,0,0,0,0,0,0,0,0,0,0,0,0,0,0,0,0,0,0,0,0,0,0,0,0,0,0,0,0,0,0,0,0,0,0,0,0,0,0,0,0,0,0,0,0,0,0,0,0,0,0,0,0,0,0,0,0,0,0,0,0,0,
0,0,0,0,0,0,0,0,0,0,0,0,0,0,0,0,0,0,0,0,0,0,0,0,0,0,0,0,0,0,0,0,0,0,0,0,0,0,0,0,0,0,0,0,0,0,0,0,0,0,0,0,0,0,0,0,0,0,0,0,0,0,0,0,0,0,0,0,0,0,0,0,0,0,0,0,0,0,0,0,0,0,0,0,0,0,0,0,0,0,0,0,0,0,0,0,0,0,0,0,
0,0,0,0,0,0,0,0,0,0,0,0,0,0,0,0,0,0,0,0,0,0,0,0,0,0,0,0,0,0,0,0,0,0,0,0,0,0,0,0,0,0,0,0,0,0,0,0,0,0,0,0,0,0,0,0,0,0,0,0,0,0,0,0,0,0,0,0,0,0,0,0,0,0,0,0,0,0,0,0,0,0,0,0,0,0,0,0,0,0,0,0,0,0,0,0,0,0,0,0,
0,0,0,0,0,0,0,0,0,0,0,0,0,0,0,0,0,0,0,0,0,0,0,0,0,0,0,0,0,0,0,0,0,0,0,0,0,0,0,0,0,0,0,0,0,0,0,0,0,0,0,0,0,0,0,0,0,0,0,0,0,0,0,0,0,0,0,0,0,0,0,0,0,0,0,0,0,0,0,0,0,0,0,0,0,0,0,0,0,0,0,0,0,0,0,0,0,0,0,0,
0,0,0,0,0,0,0,0,0,0,0,0,0,0,0,0,0,0,0,0,0,0,0,0,0,0,0,0,0,0,0,0,0,0,0,0,0,0,0,0,0,0,0,0,0,0,0,0,0,0,0,0,0,0,0,0,0,0,0,0,0,0,0,0,0,0,0,0,0,0,0,0,0,0,0,0,0,0,0,0,0,0,0,0,0,0,0,0,0,0,0,0,0,0,0,0,0,0,0,0,
0,0,0,0,0,0,0,0,0,0,0,0,0,0,0,0,0,0,0,0,0,0,0,0,0,0,0,0,0,0,0,0,0,0,0,0,0,0,0,0,0,0,0,0,0,0,0,0,0,0,0,0,0,0,0,0,0,0,0,0,0,0,0,0,0,0,0,0,0,0,0,0,0,0,0,0,0,0,0,0,0,0,0,0,0,0,0,0,0,0,0,0,0,0,0,0,0,0,0,0,
0,0,0,0,0,0,0,0,0,0,0,0,0,0,0,0,0,0,0,0,0,0,0,0,0,0,0,0,0,0,0,0,0,0,0,0,0,0,0,0,0,0,0,0,0,0,0,0,0,0,0,0,0,0,0,0,0,0,0,0,0,0,0,0,0,0,0,0,0,0,0,0,0,0,0,0,0,0,0,0,0,0,0,0,0,0,0,0,0,0,0,0,0,0,0,0,0,0,0,0,
0,0,0,0,0,0,0,0,0,0,0,0,0,0,0,0,0,0,0,0,0,0,0,0,0,0,0,0,0,0,0,0,0,0,0,0,0,0,0,0,0,0,0,0,0,0,0,0,0,0,0,0,0,0,0,0,0,0,0,0,0,0,0,0,0,0,0,0,0,0,0,0,0,0,0,0,0,0,0,0,0,0,0,0,0,0,0,0,0,0,0,0,0,0,0,0,0,0,0,0,
0,0,0,0,0,0,0,0,0,0,0,0,0,0,0,0,0,0,0,0,0,0,0,0,0,0,0,0,0,0,0,0,0,0,0,0,0,0,0,0,0,0,0,0,0,0,0,0,0,0,0,0,0,0,0,0,0,0,0,0,0,0,0,0,0,0,0,0,0,0,0,0,0,0,0,0,0,0,0,0,0,0,0,0,0,0,0,0,0,0,0,0,0,0,0,0,0,0,0,0,
0,0,0,0,0,0,0,0,0,0,0,0,0,0,0,0,0,0,0,0,0,0,0,0,0,0,0,0,0,0,0,0,0,0,0,0,0,0,0,0,0,0,0,0,0,0,0,0,0,0,0,0,0,0,0,0,0,0,0,0,0,0,0,0,0,0,0,0,0,0,0,0,0,0,0,0,0,0,0,0,0,0,0,0,0,0,0,0,0,0,0,0,0,0,0,0,0,0,0,0,
0,0,0,0,0,0,0,0,0,0,0,0,0,0,0,0,0,0,0,0,0,0,0,0,0,0,0,0,0,0,0,0,0,0,0,0,0,0,0,0,0,0,0,0,0,0,0,0,0,0,0,0,0,0,0,0,0,0,0,0,0,0,0,0,0,0,0,0,0,0,0,0,0,0,0,0,0,0,0,0,0,0,0,0,0,0,0,0,0,0,0,0,0,0,0,0,0,0,0,0,
0,0,0,0,0,0,0,0,0,0,0,0,0,0,0,0,0,0,0,0,0,0,0,0,0,0,0,0,0,0,0,0,0,0,0,0,0,0,0,0,0,0,0,0,0,0,0,0,0,0,0,0,0,0,0,0,0,0,0,0,0,0,0,0,0,0,0,0,0,0,0,0,0,0,0,0,0,0,0,0,0,0,0,0,0,0,0,0,0,0,0,0,0,0,0,0,0,0,0,0,
0,0,0,0,0,0,0,0,0,0,0,0,0,0,0,0,0,0,0,0,0,0,0,0,0,0,0,0,0,0,0,0,0,0,0,0,0,0,0,0,0,0,0,0,0,0,0,0,0,0,0,0,0,0,0,0,0,0,0,0,0,0,0,0,0,0,0,0,0,0,0,0,0,0,0,0,0,0,0,0,0,0,0,0,0,0,0,0,0,0,0,0,0,0,0,0,0,0,0,0,
0,0,0,0,0,0,0,0,0,0,0,0,0,0,0,0,0,0,0,0,0,0,0,0,0,0,0,0,0,0,0,0,0,0,0,0,0,0,0,0,0,0,0,0,0,0,0,0,0,0,0,0,0,0,0,0,0,0,0,0,0,0,0,0,0,0,0,0,0,0,0,0,0,0,0,0,0,0,0,0,0,0,0,0,0,0,0,0,0,0,0,0,0,0,0,0,0,0,0,0,
0,0,0,0,0,0,0,0,0,0,0,0,0,0,0,0,0,0,0,0,0,0,0,0,0,0,0,0,0,0,0,0,0,0,0,0,0,0,0,0,0,0,0,0,0,0,0,0,0,0,0,0,0,0,0,0,0,0,0,0,0,0,0,0,0,0,0,0,0,0,0,0,0,0,0,0,0,0,0,0,0,0,0,0,0,0,0,0,0,0,0,0,0,0,0,0,0,0,0,0,
0,0,0,0,0,0,0,0,0,0,0,0,0,0,0,0,0,0,0,0,0,0,0,0,0,0,0,0,0,0,0,0,0,0,0,0,0,0,0,0,0,0,0,0,0,0,0,0,0,0,0,0,0,0,0,0,0,0,0,0,0,0,0,0,0,0,0,0,0,0,0,0,0,0,0,0,0,0,0,0,0,0,0,0,0,0,0,0,0,0,0,0,0,0,0,0,0,0,0,0,
0,0,0,0,0,0,0,0,0,0,0,0,0,0,0,0,0,0,0,0,0,0,0,0,0,0,0,0,0,0,0,0,0,0,0,0,0,0,0,0,0,0,0,0,0,0,0,0,0,0,0,0,0,0,0,0,0,0,0,0,0,0,0,0,0,0,0,0,0,0,0,0,0,0,0,0,0,0,0,0,0,0,0,0,0,0,0,0,0,0,0,0,0,0,0,0,0,0,0,0,
0,0,0,0,0,0,0,0,0,0,0,0,0,0,0,0,0,0,0,0,0,0,0,0,0,0,0,0,0,0,0,0,0,0,0,0,0,0,0,0,0,0,0,0,0,0,0,0,0,0,0,0,0,0,0,0,0,0,0,0,0,0,0,0,0,0,0,0,0,0,0,0,0,0,0,0,0,0,0,0,0,0,0,0,0,0,0,0,0,0,0,0,0,0,0,0,0,0,0,0,
0,0,0,0,0,0,0,0,0,0,0,0,0,0,0,0,0,0,0,0,0,0,0,0,0,0,0,0,0,0,0,0,0,0,0,0,0,0,0,0,0,0,0,0,0,0,0,0,0,0,0,0,0,0,0,0,0,0,0,0,0,0,0,0,0,0,0,0,0,0,0,0,0,0,0,0,0,0,0,0,0,0,0,0,0,0,0,0,0,0,0,0,0,0,0,0,0,0,0,0,
0,0,0,0,0,0,0,0,0,0,0,0,0,0,0,0,0,0,0,0,0,0,0,0,0,0,0,0,0,0,0,0,0,0,0,0,0,0,0,0,0,0,0,0,0,0,0,0,0,0,0,0,0,0,0,0,0,0,0,0,0,0,0,0,0,0,0,0,0,0,0,0,0,0,0,0,0,0,0,0,0,0,0,0,0,0,0,0,0,0,0,0,0,0,0,0,0,0,0,0,
0,0,0,0,0,0,0,0,0,0,0,0,0,0,0,0,0,0,0,0,0,0,0,0,0,0,0,0,0,0,0,0,0,0,0,0,0,0,0,0,0,0,0,0,0,0,0,0,0,0,0,0,0,0,0,0,0,0,0,0,0,0,0,0,0,0,0,0,0,0,0,0,0,0,0,0,0,0,0,0,0,0,0,0,0,0,0,0,0,0,0,0,0,0,0,0,0,0,0,0,
0,0,0,0,0,0,0,0,0,0,0,0,0,0,0,0,0,0,0,0,0,0,0,0,0,0,0,0,0,0,0,0,0,0,0,0,0,0,0,0,0,0,0,0,0,0,0,0,0,0,0,0,0,0,0,0,0,0,0,0,0,0,0,0,0,0,0,0,0,0,0,0,0,0,0,0,0,0,0,0,0,0,0,0,0,0,0,0,0,0,0,0,0,0,0,0,0,0,0,0,
0,0,0,0,0,0,0,0,0,0,0,0,0,0,0,0,0,0,0,0,0,0,0,0,0,0,0,0,0,0,0,0,0,0,0,0,0,0,0,0,0,0,0,0,0,0,0,0,0,0,0,0,0,0,0,0,0,0,0,0,0,0,0,0,0,0,0,0,0,0,0,0,0,0,0,0,0,0,0,0,0,0,0,0,0,0,0,0,0,0,0,0,0,0,0,0,0,0,0,0,
0,0,0,0,0,0,0,0,0,0,0,0,0,0,0,0,0,0,0,0,0,0,0,0,0,0,0,0,0,0,0,0,0,0,0,0,0,0,0,0,0,0,0,0,0,0,0,0,0,0,0,0,0,0,0,0,0,0,0,0,0,0,0,0,0,0,0,0,0,0,0,0,0,0,0,0,0,0,0,0,0,0,0,0,0,0,0,0,0,0,0,0,0,0,0,0,0,0,0,0,
0,0,0,0,0,0,0,0,0,0,0,0,0,0,0,0,0,0,0,0,0,0,0,0,0,0,0,0,0,0,0,0,0,0,0,0,0,0,0,0,0,0,0,0,0,0,0,0,0,0,0,0,0,0,0,0,0,0,0,0,0,0,0,0,0,0,0,0,0,0,0,0,0,0,0,0,0,0,0,0,0,0,0,0,0,0,0,0,0,0,0,0,0,0,0,0,0,0,0,0,
0,0,0,0,0,0,0,0,0,0,0,0,0,0,0,0,0,0,0,0,0,0,0,0,0,0,0,0,0,0,0,0,0,0,0,0,0,0,0,0,0,0,0,0,0,0,0,0,0,0,0,0,0,0,0,0,0,0,0,0,0,0,0,0,0,0,0,0,0,0,0,0,0,0,0,0,0,0,0,0,0,0,0,0,0,0,0,0,0,0,0,0,0,0,0,0,0,0,0,0,
0,0,0,0,0,0,0,0,0,0,0,0,0,0,0,0,0,0,0,0,0,0,0,0,0,0,0,0,0,0,0,0,0,0,0,0,0,0,0,0,0,0,0,0,0,0,0,0,0,0,0,0,0,0,0,0,0,0,0,0,0,0,0,0,0,0,0,0,0,0,0,0,0,0,0,0,0,0,0,0,0,0,0,0,0,0,0,0,0,0,0,0,0,0,0,0,0,0,0,0,
0,0,0,0,0,0,0,0,0,0,0,0,0,0,0,0,0,0,0,0,0,0,0,0,0,0,0,0,0,0,0,0,0,0,0,0,0,0,0,0,0,0,0,0,0,0,0,0,0,0,0,0,0,0,0,0,0,0,0,0,0,0,0,0,0,0,0,0,0,0,0,0,0,0,0,0,0,0,0,0,0,0,0,0,0,0,0,0,0,0,0,0,0,0,0,0,0,0,0,0,
0,0,0,0,0,0,0,0,0,0,0,0,0,0,0,0,0,0,0,0,0,0,0,0,0,0,0,0,0,0,0,0,0,0,0,0,0,0,0,0,0,0,0,0,0,0,0,0,0,0,0,0,0,0,0,0,0,0,0,0,0,0,0,0,0,0,0,0,0,0,0,0,0,0,0,0,0,0,0,0,0,0,0,0,0,0,0,0,0,0,0,0,0,0,0,0,0,0,0,0,
0,0,0,0,0,0,0,0,0,0,0,0,0,0,0,0,0,0,0,0,0,0,0,0,0,0,0,0,0,0,0,0,0,0,0,0,0,0,0,0,0,0,0,0,0,0,0,0,0,0,0,0,0,0,0,0,0,0,0,0,0,0,0,0,0,0,0,0,0,0,0,0,0,0,0,0,0,0,0,0,0,0,0,0,0,0,0,0,0,0,0,0,0,0,0,0,0,0,0,0,
0,0,0,0,0,0,0,0,0,0,0,0,0,0,0,0,0,0,0,0,0,0,0,0,0,0,0,0,0,0,0,0,0,0,0,0,0,0,0,0,0,0,0,0,0,0,0,0,0,0,0,0,0,0,0,0,0,0,0,0,0,0,0,0,0,0,0,0,0,0,0,0,0,0,0,0,0,0,0,0,0,0,0,0,0,0,0,0,0,0,0,0,0,0,0,0,0,0,0,0,
0,0,0,0,0,0,0,0,0,0,0,0,0,0,0,0,0,0,0,0,0,0,0,0,0,0,0,0,0,0,0,0,0,0,0,0,0,0,0,0,0,0,0,0,0,0,0,0,0,0,0,0,0,0,0,0,0,0,0,0,0,0,0,0,0,0,0,0,0,0,0,0,0,0,0,0,0,0,0,0,0,0,0,0,0,0,0,0,0,0,0,0,0,0,0,0,0,0,0,0,
0,0,0,0,0,0,0,0,0,0,0,0,0,0,0,0,0,0,0,0,0,0,0,0,0,0,0,0,0,0,0,0,0,0,0,0,0,0,0,0,0,0,0,0,0,0,0,0,0,0,0,0,0,0,0,0,0,0,0,0,0,0,0,0,0,0,0,0,0,0,0,0,0,0,0,0,0,0,0,0,0,0,0,0,0,0,0,0,0,0,0,0,0,0,0,0,0,0,0,0,
0,0,0,0,0,0,0,0,0,0,0,0,0,0,0,0,0,0,0,0,0,0,0,0,0,0,0,0,0,0,0,0,0,0,0,0,0,0,0,0,0,0,0,0,0,0,0,0,0,0,0,0,0,0,0,0,0,0,0,0,0,0,0,0,0,0,0,0,0,0,0,0,0,0,0,0,0,0,0,0,0,0,0,0,0,0,0,0,0,0,0,0,0,0,0,0,0,0,0,0,
0,0,0,0,0,0,0,0,0,0,0,0,0,0,0,0,0,0,0,0,0,0,0,0,0,0,0,0,0,0,0,0,0,0,0,0,0,0,0,0,0,0,0,0,0,0,0,0,0,0,0,0,0,0,0,0,0,0,0,0,0,0,0,0,0,0,0,0,0,0,0,0,0,0,0,0,0,0,0,0,0,0,0,0,0,0,0,0,0,0,0,0,0,0,0,0,0,0,0,0,
0,0,0,0,0,0,0,0,0,0,0,0,0,0,0,0,0,0,0,0,0,0,0,0,0,0,0,0,0,0,0,0,0,0,0,0,0,0,0,0,0,0,0,0,0,0,0,0,0,0,0,0,0,0,0,0,0,0,0,0,0,0,0,0,0,0,0,0,0,0,0,0,0,0,0,0,0,0,0,0,0,0,0,0,0,0,0,0,0,0,0,0,0,0,0,0,0,0,0,0,
0,0,0,0,0,0,0,0,0,0,0,0,0,0,0,0,0,0,0,0,0,0,0,0,0,0,0,0,0,0,0,0,0,0,0,0,0,0,0,0,0,0,0,0,0,0,0,0,0,0,0,0,0,0,0,0,0,0,0,0,0,0,0,0,0,0,0,0,0,0,0,0,0,0,0,0,0,0,0,0,0,0,0,0,0,0,0,0,0,0,0,0,0,0,0,0,0,0,0,0,
0,0,0,0,0,0,0,0,0,0,0,0,0,0,0,0,0,0,0,0,0,0,0,0,0,0,0,0,0,0,0,0,0,0,0,0,0,0,0,0,0,0,0,0,0,0,0,0,0,0,0,0,0,0,0,0,0,0,0,0,0,0,0,0,0,0,0,0,0,0,0,0,0,0,0,0,0,0,0,0,0,0,0,0,0,0,0,0,0,0,0,0,0,0,0,0,0,0,0,0,
0,0,0,0,0,0,0,0,0,0,0,0,0,0,0,0,0,0,0,0,0,0,0,0,0,0,0,0,0,0,0,0,0,0,0,0,0,0,0,0,0,0,0,0,0,0,0,0,0,0,0,0,0,0,0,0,0,0,0,0,0,0,0,0,0,0,0,0,0,0,0,0,0,0,0,0,0,0,0,0,0,0,0,0,0,0,0,0,0,0,0,0,0,0,0,0,0,0,0,0,
0,0,0,0,0,0,0,0,0,0,0,0,0,0,0,0,0,0,0,0,0,0,0,0,0,0,0,0,0,0,0,0,0,0,0,0,0,0,0,0,0,0,0,0,0,0,0,0,0,0,0,0,0,0,0,0,0,0,0,0,0,0,0,0,0,0,0,0,0,0,0,0,0,0,0,0,0,0,0,0,0,0,0,0,0,0,0,0,0,0,0,0,0,0,0,0,0,0,0,0,
0,0,0,0,0,0,0,0,0,0,0,0,0,0,0,0,0,0,0,0,0,0,0,0,0,0,0,0,0,0,0,0,0,0,0,0,0,0,0,0,0,0,0,0,0,0,0,0,0,0,0,0,0,0,0,0,0,0,0,0,0,0,0,0,0,0,0,0,0,0,0,0,0,0,0,0,0,0,0,0,0,0,0,0,0,0,0,0,0,0,0,0,0,0,0,0,0,0,0,0,
0,0,0,0,0,0,0,0,0,0,0,0,0,0,0,0,0,0,0,0,0,0,0,0,0,0,0,0,0,0,0,0,0,0,0,0,0,0,0,0,0,0,0,0,0,0,0,0,0,0,0,0,0,0,0,0,0,0,0,0,0,0,0,0,0,0,0,0,0,0,0,0,0,0,0,0,0,0,0,0,0,0,0,0,0,0,0,0,0,0,0,0,0,0,0,0,0,0,0,0,
0,0,0,0,0,0,0,0,0,0,0,0,0,0,0,0,0,0,0,0,0,0,0,0,0,0,0,0,0,0,0,0,0,0,0,0,0,0,0,0,0,0,0,0,0,0,0,0,0,0,0,0,0,0,0,0,0,0,0,0,0,0,0,0,0,0,0,0,0,0,0,0,0,0,0,0,0,0,0,0,0,0,0,0,0,0,0,0,0,0,0,0,0,0,0,0,0,0,0,0

